10000
(13, 81)
(98, 23)
(90, 59)
(25, 97)
(71, 35)
(90, 25)
(63, 85)
(74, 100)
(70, 61)
(91, 34)
(28, 52)
(54, 2)
(80, 93)
(46, 48)
(76, 56)
(37, 11)
(31, 44)
(100, 13)
(85, 35)
(8, 70)
(96, 15)
(47, 62)
(99, 27)
(88, 64)
(71, 53)
(44, 59)
(64, 94)
(0, 92)
(50, 33)
(10, 64)
(36, 35)
(95, 41)
(92, 6)
(1, 94)
(21, 91)
(62, 2)
(78, 77)
(2, 70)
(44, 76)
(12, 11)
(68, 72)
(46, 20)
(28, 40)
(16, 40)
(85, 84)
(40, 81)
(16, 3)
(70, 3)
(77, 39)
(37, 85)
(44, 60)
(85, 80)
(37, 12)
(100, 17)
(17, 99)
(68, 11)
(37, 41)
(41, 38)
(72, 24)
(31, 74)
(54, 41)
(93, 59)
(23, 100)
(89, 24)
(76, 25)
(60, 88)
(67, 4)
(66, 93)
(85, 42)
(91, 53)
(5, 46)
(39, 7)
(17, 52)
(56, 64)
(61, 58)
(51, 25)
(70, 86)
(35, 92)
(49, 36)
(42, 72)
(76, 17)
(16, 35)
(14, 83)
(56, 66)
(6, 28)
(63, 53)
(53, 30)
(83, 6)
(86, 43)
(62, 60)
(73, 73)
(31, 97)
(69, 100)
(23, 8)
(32, 46)
(16, 54)
(100, 47)
(59, 4)
(71, 67)
(9, 81)
(89, 28)
(49, 71)
(9, 88)
(82, 17)
(18, 58)
(60, 3)
(63, 72)
(8, 53)
(13, 56)
(28, 35)
(83, 80)
(74, 54)
(2, 69)
(35, 98)
(98, 15)
(98, 93)
(13, 24)
(80, 84)
(99, 43)
(98, 13)
(94, 33)
(24, 48)
(89, 17)
(98, 92)
(52, 79)
(36, 37)
(52, 67)
(93, 37)
(59, 91)
(65, 76)
(69, 80)
(62, 93)
(88, 81)
(1, 56)
(18, 54)
(88, 30)
(55, 64)
(70, 50)
(77, 93)
(27, 23)
(81, 52)
(13, 1)
(10, 4)
(31, 68)
(76, 95)
(57, 71)
(26, 40)
(97, 30)
(60, 74)
(64, 19)
(6, 23)
(49, 57)
(4, 85)
(87, 34)
(43, 21)
(45, 43)
(8, 60)
(98, 87)
(61, 50)
(18, 57)
(80, 28)
(47, 4)
(10, 6)
(39, 16)
(73, 99)
(75, 65)
(17, 71)
(53, 6)
(13, 2)
(76, 9)
(86, 77)
(25, 53)
(51, 30)
(24, 14)
(99, 45)
(69, 67)
(45, 20)
(91, 27)
(96, 38)
(92, 8)
(75, 89)
(86, 92)
(96, 32)
(79, 26)
(96, 92)
(100, 18)
(89, 100)
(93, 74)
(4, 92)
(4, 61)
(61, 97)
(17, 94)
(15, 32)
(35, 55)
(0, 5)
(32, 32)
(28, 9)
(47, 23)
(43, 27)
(4, 22)
(23, 15)
(95, 17)
(16, 86)
(29, 59)
(52, 47)
(12, 74)
(97, 75)
(56, 78)
(71, 89)
(87, 23)
(44, 13)
(49, 97)
(25, 86)
(39, 53)
(93, 61)
(56, 25)
(11, 10)
(92, 51)
(32, 75)
(70, 67)
(33, 35)
(83, 90)
(27, 20)
(22, 29)
(21, 83)
(95, 50)
(71, 96)
(96, 14)
(27, 38)
(83, 70)
(89, 67)
(50, 88)
(37, 37)
(22, 21)
(12, 20)
(5, 33)
(93, 46)
(58, 2)
(88, 85)
(63, 65)
(21, 40)
(17, 40)
(51, 93)
(41, 4)
(37, 21)
(82, 77)
(4, 66)
(83, 82)
(20, 53)
(19, 34)
(8, 13)
(32, 91)
(60, 58)
(28, 84)
(53, 23)
(58, 35)
(41, 58)
(57, 89)
(79, 69)
(85, 58)
(40, 49)
(68, 97)
(98, 39)
(1, 100)
(43, 43)
(90, 53)
(53, 93)
(98, 45)
(86, 63)
(90, 24)
(58, 49)
(1, 43)
(66, 21)
(41, 81)
(13, 47)
(29, 83)
(2, 35)
(15, 92)
(35, 89)
(9, 58)
(65, 31)
(99, 89)
(93, 33)
(20, 85)
(34, 82)
(56, 92)
(74, 3)
(62, 1)
(59, 12)
(86, 13)
(57, 65)
(73, 63)
(18, 22)
(70, 75)
(8, 6)
(3, 91)
(47, 77)
(41, 71)
(89, 44)
(33, 54)
(30, 84)
(56, 49)
(33, 9)
(13, 46)
(7, 27)
(49, 100)
(90, 48)
(63, 5)
(9, 82)
(25, 44)
(14, 47)
(25, 66)
(89, 60)
(24, 46)
(82, 51)
(69, 74)
(3, 78)
(54, 43)
(70, 80)
(84, 0)
(46, 12)
(8, 44)
(33, 81)
(70, 1)
(17, 37)
(10, 91)
(78, 84)
(46, 41)
(24, 32)
(66, 8)
(59, 93)
(29, 68)
(46, 74)
(58, 76)
(72, 5)
(86, 30)
(18, 95)
(4, 98)
(84, 5)
(32, 21)
(66, 67)
(49, 38)
(6, 21)
(84, 60)
(100, 20)
(74, 48)
(37, 32)
(12, 69)
(94, 26)
(83, 61)
(56, 63)
(42, 32)
(62, 82)
(52, 31)
(35, 52)
(31, 40)
(88, 55)
(22, 82)
(7, 40)
(24, 44)
(87, 20)
(10, 81)
(13, 88)
(51, 58)
(85, 99)
(40, 21)
(97, 23)
(1, 87)
(57, 38)
(59, 63)
(59, 6)
(100, 22)
(92, 81)
(100, 1)
(48, 99)
(44, 48)
(28, 47)
(56, 58)
(94, 13)
(56, 27)
(98, 89)
(28, 71)
(94, 48)
(68, 6)
(45, 10)
(75, 91)
(78, 90)
(49, 98)
(82, 49)
(69, 84)
(3, 87)
(31, 57)
(91, 91)
(69, 61)
(1, 3)
(25, 20)
(33, 5)
(90, 94)
(7, 56)
(72, 69)
(81, 43)
(91, 11)
(0, 37)
(24, 71)
(84, 58)
(46, 52)
(52, 18)
(28, 50)
(92, 7)
(40, 88)
(4, 99)
(33, 8)
(4, 18)
(41, 42)
(33, 30)
(29, 74)
(51, 31)
(52, 22)
(86, 91)
(44, 35)
(14, 43)
(92, 35)
(14, 96)
(93, 81)
(17, 76)
(47, 13)
(55, 24)
(1, 20)
(5, 14)
(52, 50)
(47, 91)
(23, 18)
(61, 48)
(70, 17)
(69, 95)
(42, 9)
(65, 49)
(94, 12)
(57, 41)
(51, 67)
(96, 20)
(67, 21)
(63, 88)
(21, 72)
(1, 0)
(70, 14)
(38, 8)
(74, 0)
(38, 32)
(58, 99)
(46, 96)
(29, 86)
(25, 10)
(34, 40)
(68, 54)
(86, 83)
(81, 44)
(24, 70)
(33, 34)
(71, 77)
(0, 15)
(58, 51)
(81, 33)
(100, 45)
(23, 83)
(50, 43)
(68, 75)
(96, 27)
(32, 33)
(87, 76)
(44, 8)
(23, 92)
(66, 97)
(91, 3)
(86, 99)
(8, 61)
(81, 29)
(37, 75)
(8, 36)
(2, 43)
(29, 93)
(75, 57)
(54, 84)
(64, 69)
(8, 88)
(25, 93)
(11, 36)
(24, 91)
(10, 69)
(55, 89)
(50, 28)
(0, 3)
(86, 58)
(39, 68)
(68, 95)
(11, 3)
(49, 56)
(34, 79)
(50, 31)
(56, 77)
(66, 84)
(55, 9)
(70, 10)
(88, 52)
(35, 42)
(75, 86)
(51, 45)
(70, 94)
(40, 35)
(19, 72)
(95, 45)
(44, 26)
(9, 44)
(22, 44)
(58, 53)
(45, 33)
(98, 63)
(73, 14)
(12, 93)
(5, 79)
(27, 33)
(86, 79)
(25, 99)
(32, 79)
(23, 5)
(89, 54)
(55, 31)
(77, 24)
(91, 100)
(77, 7)
(30, 12)
(62, 22)
(76, 54)
(6, 65)
(23, 67)
(70, 36)
(2, 73)
(91, 65)
(98, 36)
(58, 75)
(80, 39)
(47, 61)
(27, 82)
(74, 83)
(23, 4)
(89, 43)
(95, 32)
(81, 87)
(100, 73)
(45, 97)
(92, 78)
(60, 47)
(3, 43)
(46, 87)
(6, 18)
(0, 30)
(73, 33)
(19, 52)
(46, 95)
(18, 84)
(37, 89)
(71, 87)
(7, 4)
(5, 15)
(2, 20)
(84, 52)
(24, 63)
(35, 9)
(52, 46)
(61, 2)
(77, 64)
(27, 15)
(62, 36)
(25, 34)
(73, 64)
(66, 51)
(39, 99)
(30, 34)
(89, 88)
(30, 16)
(45, 91)
(86, 33)
(80, 76)
(65, 67)
(96, 67)
(14, 20)
(39, 94)
(31, 39)
(93, 83)
(73, 94)
(35, 97)
(20, 6)
(96, 49)
(63, 29)
(12, 4)
(95, 51)
(80, 30)
(26, 65)
(3, 34)
(1, 74)
(53, 15)
(52, 89)
(87, 71)
(73, 4)
(43, 42)
(92, 17)
(78, 41)
(53, 0)
(61, 71)
(5, 97)
(94, 47)
(61, 80)
(23, 66)
(88, 60)
(65, 79)
(36, 81)
(29, 53)
(72, 20)
(0, 40)
(68, 32)
(88, 77)
(69, 4)
(33, 7)
(70, 25)
(18, 18)
(78, 10)
(91, 81)
(1, 54)
(71, 83)
(64, 32)
(40, 3)
(11, 56)
(97, 43)
(67, 47)
(94, 24)
(3, 16)
(13, 55)
(86, 70)
(20, 77)
(50, 95)
(63, 64)
(17, 78)
(84, 66)
(43, 7)
(47, 92)
(58, 28)
(24, 0)
(36, 94)
(57, 39)
(51, 21)
(76, 49)
(61, 31)
(58, 87)
(24, 41)
(27, 79)
(74, 17)
(33, 40)
(10, 16)
(89, 38)
(80, 65)
(13, 45)
(75, 85)
(84, 14)
(17, 41)
(8, 91)
(81, 50)
(22, 54)
(30, 82)
(65, 38)
(45, 1)
(55, 12)
(87, 83)
(2, 68)
(86, 4)
(72, 90)
(8, 54)
(48, 40)
(26, 29)
(26, 17)
(45, 8)
(38, 50)
(57, 64)
(72, 65)
(83, 86)
(77, 91)
(23, 90)
(73, 50)
(33, 56)
(99, 87)
(88, 61)
(38, 26)
(70, 81)
(46, 3)
(75, 24)
(3, 44)
(93, 79)
(81, 22)
(21, 9)
(67, 25)
(71, 17)
(46, 80)
(86, 81)
(43, 34)
(19, 92)
(25, 81)
(65, 44)
(19, 38)
(8, 12)
(18, 93)
(77, 78)
(27, 75)
(99, 64)
(46, 37)
(51, 2)
(21, 58)
(44, 22)
(30, 24)
(87, 79)
(98, 52)
(0, 32)
(41, 40)
(49, 5)
(90, 47)
(98, 22)
(5, 10)
(4, 86)
(31, 60)
(29, 38)
(1, 32)
(48, 23)
(5, 36)
(31, 61)
(4, 96)
(44, 37)
(90, 95)
(84, 41)
(1, 2)
(37, 79)
(80, 94)
(2, 97)
(62, 97)
(80, 59)
(40, 39)
(58, 45)
(58, 86)
(80, 7)
(63, 9)
(75, 73)
(78, 70)
(54, 35)
(35, 26)
(53, 100)
(7, 96)
(79, 74)
(82, 34)
(27, 61)
(40, 91)
(72, 27)
(100, 57)
(73, 8)
(50, 41)
(19, 22)
(95, 78)
(82, 80)
(75, 75)
(12, 94)
(28, 90)
(63, 79)
(20, 55)
(48, 94)
(8, 57)
(19, 86)
(91, 68)
(84, 15)
(42, 12)
(9, 0)
(14, 75)
(7, 74)
(80, 88)
(59, 21)
(40, 77)
(16, 82)
(76, 74)
(71, 92)
(45, 42)
(46, 54)
(2, 56)
(71, 4)
(96, 42)
(99, 58)
(68, 74)
(84, 23)
(66, 64)
(8, 2)
(78, 36)
(94, 84)
(98, 79)
(0, 64)
(62, 54)
(83, 60)
(24, 11)
(34, 32)
(13, 8)
(7, 85)
(61, 59)
(9, 84)
(2, 86)
(59, 99)
(82, 97)
(93, 6)
(57, 84)
(47, 7)
(89, 57)
(30, 56)
(61, 57)
(54, 45)
(41, 25)
(37, 80)
(11, 45)
(30, 73)
(9, 10)
(4, 89)
(8, 10)
(52, 12)
(5, 60)
(22, 62)
(27, 43)
(3, 55)
(55, 3)
(31, 42)
(68, 42)
(23, 13)
(65, 29)
(2, 31)
(64, 89)
(8, 66)
(94, 90)
(71, 18)
(45, 93)
(30, 38)
(100, 38)
(45, 92)
(70, 70)
(7, 18)
(57, 26)
(13, 5)
(56, 56)
(57, 59)
(80, 5)
(69, 13)
(7, 19)
(98, 16)
(96, 66)
(52, 93)
(60, 21)
(71, 97)
(13, 16)
(2, 59)
(86, 89)
(23, 74)
(12, 71)
(6, 34)
(42, 45)
(83, 42)
(15, 77)
(31, 92)
(7, 71)
(57, 77)
(88, 5)
(89, 90)
(6, 75)
(40, 55)
(42, 27)
(54, 64)
(48, 90)
(12, 91)
(50, 17)
(11, 69)
(2, 39)
(50, 35)
(17, 1)
(9, 62)
(90, 11)
(69, 89)
(0, 89)
(84, 1)
(65, 11)
(19, 99)
(95, 30)
(57, 49)
(20, 13)
(81, 38)
(52, 9)
(58, 78)
(28, 7)
(32, 35)
(44, 51)
(66, 81)
(73, 5)
(19, 49)
(24, 18)
(60, 2)
(73, 92)
(12, 99)
(7, 48)
(5, 56)
(33, 70)
(73, 78)
(7, 59)
(3, 31)
(42, 69)
(40, 29)
(33, 66)
(63, 23)
(67, 89)
(0, 73)
(10, 73)
(100, 43)
(13, 6)
(48, 100)
(50, 63)
(98, 9)
(98, 27)
(6, 61)
(97, 84)
(49, 68)
(68, 67)
(15, 72)
(45, 100)
(20, 94)
(45, 24)
(29, 28)
(43, 13)
(96, 36)
(16, 98)
(49, 24)
(1, 8)
(92, 98)
(27, 64)
(36, 71)
(46, 28)
(28, 48)
(92, 12)
(84, 3)
(78, 98)
(65, 100)
(40, 95)
(13, 86)
(93, 68)
(62, 83)
(43, 72)
(49, 42)
(54, 62)
(58, 12)
(29, 77)
(93, 53)
(99, 23)
(24, 93)
(22, 97)
(82, 5)
(31, 85)
(56, 57)
(62, 27)
(86, 16)
(49, 52)
(86, 23)
(62, 28)
(100, 89)
(18, 75)
(16, 83)
(6, 93)
(69, 42)
(76, 76)
(62, 42)
(43, 16)
(97, 52)
(16, 96)
(57, 96)
(31, 50)
(46, 56)
(39, 14)
(32, 83)
(15, 0)
(74, 35)
(66, 14)
(76, 53)
(46, 81)
(10, 88)
(22, 60)
(85, 40)
(75, 56)
(74, 90)
(73, 2)
(46, 51)
(85, 37)
(75, 3)
(34, 21)
(4, 4)
(60, 61)
(17, 79)
(71, 30)
(85, 32)
(70, 95)
(49, 0)
(76, 0)
(44, 4)
(26, 97)
(73, 39)
(42, 73)
(0, 47)
(12, 37)
(38, 37)
(32, 69)
(21, 5)
(12, 98)
(84, 30)
(88, 18)
(9, 15)
(7, 11)
(79, 13)
(66, 61)
(60, 78)
(26, 45)
(32, 48)
(93, 13)
(60, 49)
(0, 74)
(15, 24)
(7, 43)
(41, 19)
(1, 45)
(12, 27)
(36, 24)
(19, 37)
(78, 42)
(32, 90)
(59, 64)
(85, 68)
(98, 81)
(48, 4)
(69, 68)
(6, 73)
(53, 20)
(77, 43)
(19, 11)
(20, 15)
(15, 25)
(80, 55)
(3, 84)
(39, 70)
(2, 41)
(27, 95)
(17, 0)
(87, 81)
(51, 47)
(92, 19)
(88, 90)
(93, 7)
(11, 8)
(66, 77)
(95, 64)
(90, 69)
(4, 76)
(72, 0)
(35, 20)
(68, 33)
(78, 79)
(58, 81)
(94, 82)
(89, 89)
(2, 87)
(7, 36)
(96, 80)
(19, 8)
(28, 92)
(9, 32)
(93, 44)
(94, 44)
(80, 60)
(4, 51)
(26, 32)
(39, 3)
(1, 46)
(21, 11)
(69, 16)
(55, 44)
(11, 84)
(66, 95)
(28, 30)
(2, 82)
(6, 81)
(15, 35)
(77, 79)
(57, 70)
(53, 92)
(10, 30)
(8, 1)
(16, 55)
(32, 14)
(54, 97)
(34, 17)
(14, 46)
(50, 64)
(10, 1)
(39, 30)
(82, 6)
(32, 31)
(18, 74)
(91, 2)
(32, 25)
(26, 76)
(56, 38)
(25, 68)
(7, 6)
(87, 15)
(52, 27)
(17, 3)
(96, 39)
(88, 17)
(25, 40)
(34, 1)
(0, 18)
(69, 55)
(73, 90)
(84, 34)
(93, 72)
(25, 33)
(11, 20)
(21, 33)
(41, 49)
(72, 50)
(17, 96)
(28, 56)
(94, 77)
(81, 11)
(66, 70)
(42, 6)
(2, 74)
(82, 31)
(11, 85)
(65, 12)
(23, 9)
(14, 69)
(34, 6)
(14, 42)
(71, 8)
(45, 31)
(16, 17)
(3, 39)
(33, 27)
(21, 76)
(21, 92)
(34, 41)
(29, 8)
(64, 15)
(99, 92)
(14, 81)
(35, 34)
(73, 20)
(72, 29)
(33, 77)
(97, 60)
(50, 42)
(38, 99)
(78, 12)
(9, 59)
(14, 12)
(4, 73)
(47, 83)
(22, 34)
(16, 85)
(67, 22)
(35, 21)
(91, 28)
(96, 64)
(41, 90)
(44, 82)
(65, 18)
(39, 35)
(73, 38)
(53, 4)
(22, 80)
(37, 59)
(57, 81)
(67, 37)
(14, 33)
(34, 25)
(11, 100)
(39, 38)
(58, 22)
(65, 97)
(0, 13)
(4, 29)
(50, 49)
(100, 33)
(74, 79)
(67, 75)
(35, 36)
(6, 6)
(62, 21)
(81, 49)
(56, 90)
(90, 12)
(36, 40)
(96, 18)
(11, 57)
(36, 28)
(27, 55)
(57, 68)
(91, 96)
(76, 99)
(98, 14)
(5, 85)
(59, 28)
(47, 48)
(79, 77)
(85, 73)
(54, 32)
(6, 52)
(100, 8)
(83, 87)
(74, 27)
(92, 24)
(88, 63)
(21, 81)
(66, 58)
(58, 52)
(61, 99)
(39, 81)
(65, 73)
(78, 21)
(21, 17)
(93, 78)
(16, 22)
(76, 46)
(56, 94)
(34, 43)
(3, 76)
(28, 22)
(99, 63)
(40, 64)
(3, 72)
(90, 1)
(70, 58)
(36, 72)
(35, 4)
(12, 56)
(39, 83)
(72, 93)
(50, 2)
(48, 29)
(39, 26)
(75, 79)
(37, 100)
(11, 35)
(86, 93)
(15, 55)
(83, 29)
(66, 19)
(53, 83)
(42, 40)
(31, 47)
(19, 88)
(68, 37)
(59, 33)
(16, 60)
(59, 29)
(7, 83)
(34, 63)
(74, 73)
(88, 58)
(57, 46)
(94, 75)
(18, 4)
(12, 2)
(51, 53)
(50, 54)
(24, 72)
(35, 60)
(44, 70)
(20, 36)
(76, 31)
(19, 87)
(100, 85)
(20, 5)
(26, 27)
(31, 45)
(72, 89)
(35, 93)
(41, 32)
(63, 10)
(9, 8)
(5, 7)
(5, 72)
(6, 92)
(67, 78)
(47, 95)
(11, 51)
(17, 95)
(94, 2)
(94, 10)
(62, 51)
(80, 82)
(54, 86)
(74, 47)
(78, 86)
(76, 34)
(22, 43)
(74, 55)
(10, 83)
(81, 39)
(79, 55)
(78, 64)
(64, 18)
(89, 25)
(24, 90)
(36, 64)
(85, 12)
(58, 9)
(91, 74)
(97, 24)
(20, 4)
(98, 51)
(13, 30)
(26, 95)
(32, 7)
(66, 27)
(47, 75)
(15, 54)
(1, 81)
(26, 96)
(75, 4)
(44, 57)
(58, 62)
(76, 30)
(92, 72)
(52, 59)
(86, 88)
(34, 2)
(77, 2)
(56, 93)
(26, 93)
(73, 88)
(89, 45)
(27, 99)
(10, 49)
(40, 18)
(68, 86)
(11, 34)
(27, 92)
(60, 51)
(93, 18)
(1, 7)
(78, 13)
(51, 48)
(75, 84)
(71, 82)
(97, 36)
(30, 93)
(23, 11)
(18, 87)
(68, 52)
(30, 80)
(73, 10)
(38, 38)
(68, 81)
(33, 32)
(56, 72)
(59, 2)
(56, 75)
(83, 49)
(16, 33)
(58, 96)
(21, 95)
(77, 59)
(16, 43)
(93, 97)
(49, 31)
(0, 90)
(43, 76)
(79, 43)
(56, 13)
(47, 53)
(51, 78)
(59, 67)
(35, 13)
(54, 26)
(55, 36)
(91, 83)
(49, 51)
(62, 68)
(5, 1)
(36, 97)
(29, 64)
(63, 86)
(69, 36)
(35, 82)
(44, 18)
(29, 31)
(96, 97)
(8, 97)
(95, 89)
(46, 55)
(99, 12)
(48, 36)
(60, 5)
(52, 96)
(27, 56)
(68, 60)
(46, 18)
(42, 33)
(71, 75)
(88, 93)
(73, 69)
(6, 37)
(34, 42)
(30, 52)
(64, 81)
(29, 21)
(11, 50)
(77, 30)
(42, 65)
(30, 14)
(20, 80)
(45, 18)
(96, 26)
(27, 11)
(95, 35)
(96, 44)
(36, 61)
(25, 32)
(68, 77)
(37, 72)
(98, 96)
(89, 18)
(55, 19)
(59, 71)
(75, 30)
(100, 65)
(80, 90)
(91, 94)
(7, 68)
(98, 30)
(35, 65)
(5, 80)
(44, 16)
(85, 24)
(23, 52)
(64, 17)
(28, 72)
(4, 71)
(90, 4)
(32, 20)
(27, 27)
(94, 68)
(27, 9)
(40, 48)
(13, 54)
(37, 83)
(44, 55)
(79, 52)
(32, 77)
(62, 8)
(31, 52)
(38, 21)
(12, 89)
(69, 97)
(50, 75)
(17, 74)
(94, 16)
(24, 22)
(30, 10)
(37, 62)
(3, 61)
(1, 16)
(85, 28)
(16, 57)
(56, 62)
(44, 81)
(90, 44)
(88, 69)
(12, 51)
(81, 100)
(75, 32)
(55, 1)
(96, 37)
(85, 57)
(85, 98)
(92, 14)
(41, 30)
(49, 63)
(30, 99)
(11, 95)
(68, 61)
(89, 8)
(8, 16)
(95, 63)
(66, 92)
(99, 17)
(24, 57)
(33, 98)
(38, 28)
(72, 57)
(100, 48)
(25, 64)
(0, 25)
(98, 6)
(45, 52)
(77, 32)
(67, 92)
(1, 80)
(57, 7)
(95, 12)
(13, 23)
(93, 41)
(55, 16)
(21, 94)
(79, 3)
(37, 84)
(77, 17)
(80, 91)
(42, 44)
(43, 68)
(2, 80)
(45, 96)
(63, 21)
(85, 4)
(21, 73)
(6, 11)
(74, 12)
(31, 71)
(40, 16)
(60, 99)
(56, 35)
(17, 62)
(92, 99)
(53, 96)
(10, 23)
(8, 79)
(37, 55)
(78, 18)
(11, 9)
(57, 31)
(92, 37)
(56, 60)
(92, 38)
(59, 68)
(95, 76)
(50, 30)
(64, 72)
(76, 24)
(94, 73)
(92, 100)
(94, 80)
(62, 50)
(28, 37)
(56, 31)
(56, 43)
(42, 74)
(69, 50)
(76, 52)
(68, 7)
(94, 21)
(99, 7)
(22, 13)
(10, 93)
(22, 32)
(16, 47)
(97, 51)
(30, 45)
(75, 67)
(46, 13)
(6, 88)
(95, 82)
(68, 99)
(5, 48)
(42, 11)
(74, 18)
(39, 87)
(38, 18)
(9, 43)
(78, 57)
(13, 50)
(0, 86)
(57, 52)
(87, 70)
(3, 27)
(68, 78)
(48, 69)
(69, 46)
(32, 2)
(60, 65)
(29, 97)
(73, 21)
(62, 3)
(80, 18)
(42, 87)
(54, 79)
(43, 3)
(53, 64)
(30, 83)
(86, 48)
(4, 45)
(25, 71)
(42, 14)
(73, 48)
(54, 37)
(72, 3)
(85, 93)
(18, 19)
(11, 47)
(8, 100)
(44, 41)
(54, 61)
(87, 6)
(4, 26)
(9, 13)
(21, 90)
(2, 4)
(66, 71)
(76, 51)
(62, 64)
(78, 40)
(98, 99)
(20, 23)
(72, 25)
(49, 54)
(82, 22)
(99, 25)
(26, 88)
(48, 93)
(22, 76)
(18, 92)
(7, 89)
(31, 28)
(78, 47)
(66, 85)
(80, 98)
(28, 26)
(86, 96)
(13, 77)
(66, 47)
(76, 78)
(90, 55)
(1, 34)
(10, 37)
(83, 99)
(8, 78)
(77, 81)
(99, 39)
(29, 62)
(58, 69)
(37, 91)
(32, 89)
(2, 81)
(39, 85)
(22, 4)
(94, 6)
(73, 25)
(42, 18)
(59, 44)
(81, 91)
(61, 25)
(87, 68)
(63, 28)
(88, 76)
(4, 75)
(41, 64)
(86, 84)
(33, 61)
(96, 12)
(22, 90)
(99, 16)
(77, 92)
(23, 99)
(64, 21)
(89, 96)
(36, 86)
(11, 14)
(3, 93)
(79, 24)
(42, 90)
(27, 72)
(34, 38)
(29, 15)
(81, 48)
(2, 34)
(85, 13)
(5, 3)
(64, 8)
(84, 72)
(57, 22)
(24, 73)
(68, 41)
(27, 93)
(56, 26)
(8, 47)
(7, 15)
(25, 60)
(77, 46)
(94, 27)
(40, 93)
(96, 86)
(58, 93)
(43, 37)
(58, 56)
(66, 59)
(60, 36)
(7, 32)
(32, 78)
(86, 7)
(91, 35)
(53, 94)
(35, 80)
(63, 44)
(100, 46)
(10, 57)
(49, 80)
(68, 57)
(75, 49)
(97, 7)
(74, 80)
(10, 77)
(62, 75)
(71, 88)
(1, 13)
(39, 66)
(1, 57)
(50, 97)
(15, 86)
(15, 79)
(52, 2)
(40, 31)
(12, 18)
(30, 51)
(13, 65)
(6, 45)
(55, 37)
(49, 15)
(84, 6)
(15, 45)
(75, 82)
(29, 98)
(29, 45)
(83, 15)
(90, 83)
(15, 70)
(10, 92)
(46, 24)
(9, 30)
(23, 48)
(36, 42)
(47, 97)
(44, 21)
(46, 45)
(50, 94)
(91, 14)
(41, 29)
(87, 74)
(12, 83)
(84, 21)
(55, 78)
(31, 3)
(62, 99)
(33, 100)
(11, 21)
(22, 35)
(85, 79)
(52, 33)
(48, 57)
(37, 36)
(51, 59)
(28, 64)
(26, 66)
(14, 77)
(57, 85)
(78, 3)
(16, 68)
(30, 7)
(88, 57)
(14, 41)
(85, 15)
(68, 85)
(94, 57)
(70, 92)
(89, 99)
(91, 32)
(39, 55)
(79, 2)
(44, 92)
(36, 48)
(6, 2)
(48, 49)
(29, 67)
(28, 11)
(87, 58)
(6, 67)
(52, 99)
(5, 86)
(16, 2)
(15, 30)
(45, 45)
(81, 1)
(90, 2)
(65, 43)
(75, 55)
(36, 11)
(77, 38)
(19, 75)
(94, 94)
(92, 55)
(50, 0)
(16, 72)
(20, 75)
(13, 72)
(60, 67)
(81, 4)
(36, 70)
(9, 89)
(2, 55)
(62, 94)
(56, 39)
(34, 71)
(19, 7)
(92, 89)
(62, 25)
(71, 36)
(53, 13)
(26, 58)
(57, 10)
(70, 88)
(21, 54)
(80, 22)
(72, 35)
(1, 58)
(58, 42)
(16, 80)
(15, 33)
(41, 70)
(18, 30)
(21, 48)
(94, 31)
(25, 25)
(75, 54)
(24, 58)
(9, 16)
(63, 0)
(93, 12)
(24, 95)
(17, 6)
(51, 5)
(79, 87)
(65, 72)
(79, 75)
(8, 51)
(94, 40)
(21, 66)
(69, 21)
(7, 44)
(30, 54)
(67, 42)
(80, 46)
(82, 94)
(88, 0)
(96, 56)
(0, 46)
(53, 89)
(63, 84)
(97, 46)
(88, 82)
(98, 48)
(100, 31)
(80, 96)
(59, 1)
(14, 40)
(35, 32)
(58, 66)
(28, 65)
(39, 27)
(25, 49)
(37, 13)
(22, 72)
(95, 10)
(76, 10)
(41, 24)
(93, 24)
(71, 20)
(29, 78)
(93, 70)
(29, 3)
(18, 55)
(29, 96)
(19, 77)
(4, 28)
(80, 70)
(5, 82)
(35, 45)
(74, 65)
(38, 39)
(56, 1)
(7, 90)
(37, 17)
(61, 61)
(42, 55)
(28, 5)
(15, 40)
(0, 9)
(54, 15)
(93, 43)
(31, 76)
(63, 22)
(6, 78)
(61, 87)
(20, 97)
(46, 8)
(3, 80)
(39, 19)
(35, 30)
(56, 45)
(34, 3)
(56, 70)
(11, 52)
(10, 10)
(67, 26)
(25, 69)
(71, 70)
(1, 24)
(44, 84)
(45, 32)
(52, 35)
(73, 61)
(29, 85)
(30, 22)
(17, 69)
(73, 26)
(87, 38)
(99, 31)
(46, 58)
(43, 17)
(14, 6)
(32, 55)
(34, 69)
(69, 52)
(8, 68)
(20, 22)
(65, 98)
(47, 14)
(62, 45)
(32, 13)
(1, 36)
(53, 76)
(41, 13)
(80, 34)
(19, 57)
(97, 82)
(86, 8)
(43, 15)
(64, 64)
(79, 70)
(15, 83)
(0, 22)
(36, 0)
(54, 53)
(45, 39)
(37, 95)
(78, 100)
(85, 75)
(49, 29)
(89, 49)
(24, 43)
(84, 76)
(6, 89)
(75, 19)
(55, 18)
(33, 49)
(56, 10)
(92, 49)
(50, 81)
(92, 45)
(32, 51)
(31, 54)
(9, 38)
(20, 64)
(1, 71)
(23, 75)
(33, 76)
(35, 47)
(52, 98)
(2, 2)
(63, 6)
(49, 70)
(89, 12)
(9, 61)
(70, 30)
(41, 56)
(99, 36)
(50, 74)
(13, 40)
(76, 40)
(84, 13)
(14, 2)
(0, 100)
(96, 34)
(86, 1)
(12, 47)
(37, 4)
(75, 80)
(98, 8)
(9, 26)
(6, 48)
(43, 33)
(82, 16)
(34, 83)
(35, 6)
(61, 68)
(46, 73)
(34, 75)
(3, 99)
(33, 31)
(64, 28)
(25, 18)
(60, 6)
(43, 60)
(19, 28)
(94, 96)
(21, 31)
(88, 51)
(53, 67)
(62, 23)
(99, 40)
(52, 39)
(79, 8)
(23, 49)
(16, 53)
(67, 60)
(40, 34)
(14, 9)
(36, 21)
(37, 23)
(63, 41)
(68, 70)
(47, 99)
(69, 33)
(45, 60)
(11, 2)
(72, 28)
(23, 12)
(20, 8)
(54, 44)
(18, 23)
(85, 90)
(86, 72)
(66, 44)
(74, 28)
(29, 14)
(70, 91)
(95, 66)
(28, 78)
(85, 65)
(64, 23)
(43, 14)
(82, 96)
(24, 5)
(100, 36)
(61, 3)
(72, 51)
(75, 52)
(17, 13)
(13, 74)
(67, 30)
(39, 43)
(48, 78)
(99, 100)
(22, 86)
(23, 82)
(57, 51)
(0, 97)
(88, 26)
(76, 97)
(3, 40)
(27, 74)
(82, 99)
(16, 49)
(21, 93)
(89, 42)
(93, 47)
(30, 20)
(26, 26)
(49, 75)
(80, 9)
(66, 66)
(75, 96)
(82, 37)
(26, 8)
(61, 88)
(35, 8)
(63, 68)
(62, 10)
(26, 15)
(14, 72)
(21, 0)
(40, 51)
(62, 77)
(8, 28)
(45, 59)
(25, 19)
(95, 23)
(17, 64)
(48, 81)
(19, 59)
(76, 3)
(72, 41)
(48, 92)
(76, 80)
(3, 2)
(61, 90)
(7, 16)
(20, 34)
(87, 88)
(2, 53)
(34, 13)
(68, 89)
(27, 21)
(78, 15)
(43, 75)
(54, 77)
(89, 92)
(89, 58)
(19, 73)
(34, 22)
(65, 90)
(41, 85)
(97, 44)
(1, 49)
(8, 55)
(26, 33)
(18, 8)
(60, 27)
(76, 61)
(71, 50)
(88, 80)
(12, 36)
(37, 98)
(30, 39)
(77, 53)
(76, 39)
(91, 78)
(25, 42)
(75, 26)
(80, 40)
(49, 66)
(43, 92)
(58, 97)
(57, 54)
(36, 2)
(60, 50)
(82, 0)
(27, 78)
(11, 61)
(54, 91)
(52, 69)
(53, 91)
(25, 4)
(81, 17)
(54, 63)
(7, 86)
(77, 36)
(94, 9)
(65, 23)
(23, 96)
(32, 68)
(90, 43)
(19, 31)
(47, 74)
(68, 17)
(26, 54)
(95, 59)
(85, 55)
(69, 47)
(48, 44)
(88, 39)
(97, 77)
(53, 7)
(40, 89)
(30, 88)
(53, 78)
(5, 18)
(17, 98)
(55, 0)
(27, 94)
(75, 43)
(77, 6)
(94, 74)
(4, 64)
(56, 98)
(65, 6)
(20, 17)
(41, 37)
(21, 27)
(97, 0)
(52, 20)
(5, 55)
(5, 19)
(98, 65)
(10, 15)
(51, 44)
(73, 46)
(60, 81)
(59, 94)
(84, 99)
(0, 33)
(81, 7)
(88, 88)
(91, 18)
(46, 67)
(93, 65)
(84, 10)
(37, 56)
(64, 47)
(42, 4)
(36, 51)
(18, 83)
(98, 64)
(36, 53)
(53, 32)
(63, 100)
(58, 59)
(14, 28)
(87, 44)
(41, 60)
(6, 74)
(2, 16)
(35, 12)
(64, 48)
(62, 74)
(19, 85)
(99, 18)
(67, 17)
(68, 50)
(85, 62)
(97, 15)
(75, 34)
(16, 28)
(28, 89)
(40, 32)
(93, 85)
(14, 38)
(50, 79)
(8, 32)
(84, 95)
(49, 21)
(76, 82)
(36, 34)
(2, 36)
(33, 74)
(100, 83)
(66, 80)
(95, 19)
(22, 18)
(36, 9)
(81, 66)
(45, 13)
(58, 92)
(54, 0)
(47, 21)
(97, 59)
(3, 7)
(27, 35)
(97, 90)
(23, 97)
(65, 71)
(13, 76)
(24, 77)
(93, 57)
(5, 70)
(13, 29)
(47, 60)
(19, 25)
(32, 50)
(7, 62)
(5, 20)
(28, 39)
(11, 92)
(80, 73)
(97, 54)
(41, 43)
(27, 4)
(95, 70)
(100, 15)
(96, 98)
(42, 79)
(89, 59)
(93, 2)
(22, 8)
(72, 87)
(45, 77)
(50, 58)
(69, 28)
(31, 75)
(39, 89)
(46, 42)
(85, 1)
(4, 47)
(86, 20)
(51, 42)
(68, 28)
(35, 62)
(75, 6)
(100, 56)
(100, 24)
(0, 98)
(1, 47)
(28, 74)
(71, 61)
(32, 19)
(9, 67)
(57, 74)
(25, 38)
(53, 66)
(41, 75)
(76, 81)
(94, 65)
(81, 60)
(82, 83)
(77, 55)
(67, 56)
(57, 29)
(72, 26)
(65, 39)
(7, 38)
(21, 61)
(98, 57)
(70, 62)
(61, 63)
(89, 26)
(97, 93)
(67, 1)
(62, 30)
(53, 48)
(13, 21)
(24, 50)
(71, 40)
(68, 79)
(70, 22)
(15, 47)
(36, 89)
(86, 100)
(89, 11)
(50, 52)
(51, 80)
(9, 86)
(52, 55)
(38, 71)
(98, 21)
(90, 74)
(57, 32)
(78, 97)
(98, 74)
(7, 87)
(29, 47)
(98, 4)
(20, 30)
(96, 87)
(60, 32)
(93, 17)
(48, 22)
(51, 18)
(99, 32)
(24, 47)
(83, 21)
(17, 34)
(14, 53)
(41, 89)
(59, 92)
(12, 78)
(95, 16)
(46, 53)
(46, 97)
(88, 72)
(4, 57)
(4, 82)
(56, 8)
(25, 90)
(24, 17)
(14, 56)
(28, 95)
(46, 16)
(90, 45)
(72, 17)
(57, 33)
(81, 26)
(64, 38)
(94, 35)
(30, 94)
(88, 24)
(42, 77)
(55, 32)
(14, 5)
(25, 61)
(89, 19)
(14, 78)
(84, 94)
(27, 49)
(4, 43)
(74, 9)
(91, 64)
(26, 6)
(1, 18)
(47, 3)
(46, 72)
(28, 18)
(95, 71)
(72, 95)
(62, 61)
(91, 36)
(72, 32)
(44, 38)
(91, 46)
(61, 27)
(88, 54)
(90, 91)
(31, 10)
(46, 62)
(4, 63)
(29, 10)
(78, 83)
(37, 57)
(81, 71)
(98, 20)
(41, 21)
(95, 39)
(6, 97)
(41, 34)
(74, 19)
(34, 35)
(48, 24)
(34, 94)
(95, 79)
(34, 85)
(47, 98)
(59, 19)
(38, 11)
(98, 98)
(34, 14)
(87, 19)
(54, 94)
(79, 4)
(26, 98)
(42, 50)
(7, 31)
(58, 65)
(69, 99)
(0, 53)
(77, 80)
(31, 13)
(65, 47)
(52, 11)
(58, 47)
(44, 63)
(94, 59)
(55, 45)
(52, 64)
(19, 16)
(91, 38)
(70, 12)
(30, 36)
(77, 89)
(47, 64)
(0, 52)
(96, 45)
(68, 46)
(79, 31)
(8, 50)
(99, 95)
(96, 94)
(63, 13)
(79, 16)
(80, 37)
(53, 55)
(9, 55)
(88, 66)
(90, 92)
(82, 39)
(34, 29)
(85, 16)
(9, 54)
(11, 77)
(36, 75)
(95, 13)
(81, 23)
(95, 8)
(45, 65)
(93, 71)
(73, 53)
(41, 67)
(6, 47)
(58, 11)
(50, 8)
(19, 29)
(73, 9)
(62, 12)
(5, 40)
(62, 35)
(0, 63)
(92, 36)
(97, 76)
(77, 71)
(32, 16)
(69, 70)
(0, 51)
(70, 52)
(68, 14)
(51, 54)
(19, 48)
(95, 43)
(19, 60)
(62, 88)
(51, 14)
(79, 93)
(27, 3)
(84, 26)
(86, 32)
(54, 59)
(3, 67)
(19, 71)
(95, 18)
(77, 82)
(70, 57)
(71, 47)
(65, 5)
(15, 87)
(55, 42)
(56, 41)
(48, 67)
(69, 75)
(42, 37)
(10, 31)
(68, 98)
(62, 55)
(85, 52)
(11, 29)
(46, 68)
(6, 5)
(61, 7)
(76, 1)
(100, 96)
(84, 85)
(91, 41)
(60, 87)
(67, 16)
(63, 56)
(43, 26)
(29, 26)
(49, 44)
(10, 87)
(65, 70)
(45, 3)
(84, 18)
(5, 74)
(34, 23)
(34, 5)
(85, 59)
(0, 77)
(23, 64)
(22, 12)
(8, 18)
(23, 16)
(38, 41)
(14, 24)
(84, 65)
(18, 71)
(94, 60)
(37, 60)
(79, 32)
(10, 13)
(11, 79)
(28, 97)
(87, 75)
(29, 16)
(18, 37)
(68, 43)
(16, 50)
(84, 29)
(95, 74)
(45, 94)
(31, 37)
(93, 30)
(12, 80)
(91, 6)
(70, 6)
(85, 27)
(40, 19)
(22, 27)
(4, 15)
(68, 58)
(30, 71)
(60, 54)
(91, 30)
(16, 15)
(26, 100)
(78, 35)
(20, 46)
(14, 14)
(93, 76)
(28, 12)
(69, 56)
(27, 10)
(78, 51)
(82, 95)
(44, 94)
(72, 55)
(59, 3)
(43, 89)
(15, 93)
(55, 38)
(100, 95)
(10, 54)
(38, 19)
(76, 41)
(36, 26)
(26, 86)
(36, 93)
(79, 40)
(42, 100)
(49, 99)
(28, 44)
(62, 16)
(93, 11)
(40, 56)
(78, 48)
(78, 30)
(89, 87)
(2, 14)
(0, 81)
(100, 63)
(14, 86)
(100, 44)
(30, 61)
(53, 42)
(62, 29)
(22, 51)
(89, 40)
(29, 43)
(45, 61)
(66, 43)
(82, 27)
(76, 26)
(55, 13)
(92, 68)
(42, 8)
(99, 78)
(19, 78)
(10, 8)
(62, 91)
(57, 20)
(39, 57)
(35, 50)
(63, 60)
(71, 64)
(50, 89)
(27, 85)
(5, 84)
(52, 84)
(33, 67)
(97, 100)
(21, 69)
(77, 58)
(59, 72)
(44, 88)
(15, 56)
(44, 40)
(75, 0)
(95, 73)
(78, 65)
(4, 31)
(75, 23)
(95, 46)
(27, 13)
(99, 71)
(91, 79)
(3, 100)
(98, 80)
(9, 63)
(70, 55)
(76, 55)
(22, 2)
(39, 13)
(20, 0)
(24, 10)
(20, 99)
(14, 79)
(1, 37)
(45, 58)
(1, 70)
(4, 25)
(70, 29)
(53, 58)
(95, 6)
(16, 52)
(59, 86)
(47, 27)
(51, 49)
(42, 29)
(14, 67)
(99, 51)
(6, 91)
(86, 10)
(8, 98)
(7, 21)
(64, 78)
(26, 5)
(12, 10)
(76, 89)
(6, 7)
(38, 83)
(2, 95)
(21, 2)
(57, 40)
(32, 34)
(1, 29)
(94, 98)
(63, 63)
(63, 70)
(16, 46)
(58, 14)
(79, 73)
(44, 75)
(58, 4)
(21, 3)
(22, 46)
(63, 46)
(98, 25)
(3, 21)
(15, 20)
(19, 67)
(62, 72)
(20, 91)
(25, 62)
(38, 15)
(100, 16)
(14, 39)
(22, 98)
(61, 66)
(79, 29)
(80, 58)
(9, 33)
(10, 72)
(53, 74)
(4, 19)
(8, 29)
(81, 31)
(95, 100)
(18, 46)
(99, 34)
(67, 45)
(36, 25)
(46, 91)
(29, 46)
(11, 82)
(65, 34)
(2, 71)
(91, 44)
(70, 87)
(25, 26)
(14, 95)
(20, 45)
(66, 96)
(85, 44)
(17, 42)
(71, 19)
(21, 86)
(15, 84)
(9, 91)
(6, 59)
(92, 54)
(73, 40)
(69, 53)
(63, 33)
(81, 15)
(2, 51)
(86, 46)
(78, 43)
(41, 77)
(83, 65)
(44, 12)
(57, 99)
(44, 83)
(85, 23)
(39, 58)
(81, 81)
(34, 28)
(65, 32)
(41, 86)
(99, 30)
(61, 49)
(38, 45)
(38, 85)
(0, 93)
(54, 12)
(44, 56)
(0, 78)
(51, 95)
(40, 53)
(72, 91)
(57, 14)
(10, 11)
(57, 25)
(61, 26)
(80, 41)
(85, 36)
(40, 63)
(99, 61)
(15, 27)
(31, 11)
(3, 89)
(88, 36)
(8, 46)
(19, 10)
(91, 29)
(79, 56)
(29, 17)
(41, 8)
(26, 1)
(40, 22)
(96, 55)
(30, 17)
(17, 33)
(91, 26)
(85, 82)
(28, 55)
(4, 40)
(33, 43)
(57, 57)
(72, 66)
(22, 22)
(74, 95)
(84, 62)
(73, 41)
(60, 45)
(98, 97)
(11, 5)
(82, 41)
(27, 41)
(70, 41)
(23, 63)
(28, 60)
(67, 93)
(3, 81)
(74, 8)
(100, 80)
(49, 26)
(86, 0)
(70, 98)
(38, 42)
(26, 73)
(71, 39)
(7, 98)
(10, 71)
(38, 51)
(70, 31)
(29, 51)
(52, 45)
(53, 75)
(40, 5)
(40, 94)
(92, 23)
(33, 13)
(43, 30)
(74, 7)
(2, 57)
(45, 71)
(100, 7)
(42, 88)
(89, 33)
(56, 81)
(87, 53)
(97, 58)
(93, 21)
(38, 66)
(56, 19)
(23, 25)
(77, 52)
(56, 79)
(58, 18)
(99, 65)
(32, 95)
(100, 74)
(25, 80)
(63, 48)
(61, 37)
(96, 79)
(92, 46)
(37, 44)
(36, 49)
(48, 47)
(71, 9)
(21, 97)
(91, 21)
(27, 53)
(65, 1)
(40, 17)
(33, 59)
(48, 2)
(38, 12)
(81, 28)
(11, 70)
(6, 36)
(22, 41)
(58, 83)
(15, 82)
(0, 54)
(60, 8)
(53, 22)
(38, 52)
(82, 82)
(14, 15)
(8, 76)
(69, 78)
(100, 59)
(6, 82)
(0, 76)
(26, 64)
(89, 2)
(100, 25)
(71, 93)
(82, 35)
(47, 10)
(17, 26)
(83, 94)
(65, 58)
(17, 5)
(73, 81)
(61, 33)
(21, 30)
(85, 96)
(25, 75)
(67, 67)
(25, 39)
(20, 67)
(41, 14)
(83, 93)
(70, 90)
(72, 62)
(37, 96)
(59, 11)
(12, 14)
(33, 38)
(67, 97)
(15, 94)
(28, 29)
(4, 49)
(71, 84)
(82, 42)
(68, 21)
(16, 61)
(42, 0)
(57, 28)
(55, 90)
(30, 43)
(83, 20)
(65, 77)
(88, 32)
(78, 58)
(23, 60)
(4, 70)
(11, 78)
(92, 67)
(30, 89)
(10, 27)
(41, 15)
(39, 10)
(83, 2)
(8, 84)
(9, 100)
(58, 72)
(50, 18)
(76, 8)
(54, 36)
(83, 37)
(50, 46)
(64, 86)
(14, 31)
(8, 94)
(67, 81)
(77, 9)
(13, 48)
(38, 97)
(45, 12)
(11, 6)
(28, 45)
(40, 86)
(78, 23)
(59, 74)
(46, 60)
(31, 38)
(37, 45)
(55, 47)
(29, 24)
(93, 98)
(90, 40)
(94, 99)
(25, 28)
(44, 17)
(13, 3)
(42, 35)
(80, 69)
(97, 71)
(69, 19)
(88, 62)
(86, 97)
(45, 9)
(18, 7)
(80, 53)
(80, 29)
(55, 92)
(54, 22)
(55, 62)
(36, 58)
(69, 6)
(44, 77)
(5, 42)
(50, 5)
(59, 79)
(18, 3)
(67, 73)
(36, 82)
(55, 81)
(68, 73)
(97, 49)
(26, 82)
(93, 23)
(52, 66)
(74, 91)
(43, 71)
(13, 17)
(92, 60)
(34, 44)
(30, 2)
(89, 77)
(28, 59)
(18, 89)
(92, 44)
(78, 93)
(46, 89)
(2, 13)
(37, 38)
(17, 57)
(100, 92)
(57, 44)
(35, 96)
(72, 14)
(72, 72)
(31, 65)
(40, 30)
(47, 70)
(10, 56)
(74, 85)
(80, 66)
(92, 84)
(45, 29)
(11, 33)
(45, 73)
(17, 80)
(50, 22)
(55, 91)
(17, 53)
(10, 29)
(29, 75)
(51, 19)
(19, 83)
(73, 58)
(68, 24)
(96, 78)
(30, 86)
(6, 85)
(89, 71)
(32, 26)
(20, 61)
(8, 71)
(47, 37)
(81, 88)
(25, 12)
(35, 69)
(84, 59)
(19, 15)
(86, 75)
(69, 29)
(84, 61)
(62, 56)
(4, 12)
(92, 52)
(17, 31)
(71, 38)
(5, 45)
(79, 14)
(94, 53)
(93, 4)
(45, 89)
(80, 19)
(99, 19)
(57, 1)
(62, 46)
(45, 26)
(76, 42)
(49, 84)
(15, 74)
(98, 59)
(73, 89)
(91, 92)
(51, 52)
(20, 79)
(52, 4)
(22, 38)
(60, 28)
(9, 48)
(91, 70)
(54, 95)
(46, 38)
(32, 10)
(50, 61)
(21, 45)
(37, 52)
(65, 53)
(30, 44)
(64, 76)
(55, 55)
(81, 18)
(89, 85)
(51, 57)
(80, 83)
(11, 0)
(45, 40)
(72, 48)
(90, 28)
(70, 53)
(46, 63)
(69, 9)
(94, 89)
(69, 20)
(78, 74)
(83, 41)
(67, 70)
(88, 75)
(59, 78)
(6, 39)
(8, 17)
(26, 37)
(20, 92)
(76, 47)
(53, 38)
(86, 41)
(17, 63)
(96, 59)
(84, 92)
(0, 0)
(1, 86)
(40, 23)
(94, 25)
(6, 41)
(22, 63)
(66, 2)
(65, 28)
(88, 25)
(75, 28)
(43, 66)
(73, 83)
(43, 25)
(75, 100)
(68, 20)
(84, 27)
(18, 77)
(94, 1)
(69, 76)
(11, 97)
(39, 5)
(73, 60)
(44, 0)
(5, 11)
(24, 82)
(99, 86)
(53, 8)
(73, 17)
(99, 91)
(50, 24)
(7, 73)
(5, 62)
(43, 39)
(62, 78)
(92, 22)
(74, 75)
(94, 83)
(23, 35)
(16, 90)
(97, 37)
(42, 7)
(55, 11)
(3, 64)
(1, 60)
(97, 29)
(9, 99)
(90, 61)
(36, 44)
(45, 21)
(70, 18)
(54, 10)
(3, 59)
(89, 34)
(27, 25)
(28, 17)
(2, 94)
(83, 17)
(41, 46)
(91, 39)
(100, 84)
(13, 15)
(74, 16)
(85, 33)
(61, 85)
(88, 23)
(16, 58)
(98, 49)
(54, 13)
(27, 59)
(12, 63)
(42, 51)
(45, 87)
(39, 37)
(93, 62)
(39, 39)
(23, 76)
(98, 3)
(10, 85)
(8, 89)
(61, 94)
(62, 76)
(26, 60)
(34, 72)
(47, 65)
(56, 44)
(56, 95)
(17, 27)
(15, 37)
(97, 2)
(84, 4)
(20, 54)
(36, 92)
(35, 22)
(59, 52)
(9, 49)
(62, 63)
(97, 95)
(10, 51)
(4, 62)
(79, 44)
(22, 42)
(96, 29)
(75, 90)
(18, 52)
(59, 82)
(5, 69)
(73, 13)
(24, 45)
(13, 7)
(92, 63)
(45, 69)
(47, 59)
(22, 68)
(28, 83)
(60, 4)
(44, 28)
(5, 100)
(19, 80)
(99, 81)
(46, 82)
(85, 5)
(13, 61)
(34, 91)
(65, 37)
(36, 74)
(2, 100)
(59, 32)
(90, 66)
(60, 84)
(63, 55)
(65, 16)
(97, 5)
(90, 16)
(0, 45)
(85, 83)
(30, 48)
(1, 97)
(34, 76)
(46, 93)
(66, 17)
(30, 21)
(99, 74)
(70, 40)
(100, 62)
(17, 56)
(91, 17)
(22, 37)
(50, 48)
(11, 53)
(6, 9)
(39, 59)
(42, 91)
(14, 61)
(18, 72)
(25, 74)
(81, 96)
(7, 7)
(29, 20)
(78, 96)
(30, 85)
(26, 87)
(27, 73)
(43, 41)
(1, 50)
(69, 60)
(59, 31)
(18, 68)
(59, 5)
(60, 80)
(42, 30)
(36, 15)
(88, 79)
(51, 72)
(98, 85)
(34, 49)
(31, 70)
(7, 70)
(3, 95)
(21, 99)
(34, 73)
(83, 98)
(66, 23)
(16, 84)
(6, 80)
(18, 15)
(28, 57)
(63, 80)
(56, 84)
(69, 62)
(60, 43)
(24, 94)
(39, 32)
(53, 1)
(40, 75)
(88, 44)
(34, 62)
(60, 46)
(96, 10)
(64, 93)
(22, 96)
(68, 39)
(4, 34)
(29, 33)
(86, 25)
(62, 52)
(53, 43)
(50, 32)
(68, 69)
(88, 83)
(57, 78)
(54, 34)
(57, 63)
(8, 15)
(35, 84)
(92, 56)
(16, 66)
(34, 34)
(10, 34)
(21, 85)
(12, 6)
(84, 75)
(24, 64)
(1, 4)
(62, 43)
(0, 69)
(5, 59)
(9, 9)
(56, 3)
(32, 37)
(4, 72)
(70, 19)
(13, 4)
(58, 48)
(67, 69)
(40, 78)
(3, 42)
(79, 36)
(89, 82)
(53, 10)
(46, 100)
(79, 17)
(16, 73)
(62, 37)
(70, 99)
(86, 85)
(74, 97)
(55, 23)
(79, 35)
(45, 0)
(77, 62)
(13, 41)
(40, 84)
(56, 69)
(40, 76)
(24, 79)
(96, 90)
(59, 85)
(76, 62)
(100, 68)
(16, 9)
(80, 16)
(4, 83)
(80, 43)
(32, 6)
(25, 13)
(13, 73)
(41, 99)
(14, 26)
(30, 57)
(60, 92)
(6, 58)
(12, 60)
(61, 73)
(0, 61)
(68, 49)
(7, 37)
(23, 55)
(35, 94)
(91, 1)
(6, 22)
(49, 50)
(88, 78)
(24, 75)
(58, 37)
(58, 30)
(57, 55)
(79, 42)
(74, 41)
(90, 67)
(61, 75)
(94, 70)
(99, 99)
(15, 99)
(65, 35)
(51, 1)
(100, 79)
(92, 97)
(71, 95)
(7, 100)
(77, 33)
(9, 31)
(60, 15)
(74, 21)
(0, 55)
(45, 70)
(39, 64)
(30, 92)
(81, 40)
(38, 81)
(41, 18)
(91, 73)
(24, 60)
(24, 13)
(82, 85)
(20, 40)
(10, 100)
(58, 34)
(85, 8)
(22, 58)
(33, 48)
(83, 32)
(52, 87)
(20, 83)
(76, 59)
(48, 52)
(44, 11)
(2, 72)
(68, 92)
(10, 60)
(65, 41)
(92, 59)
(5, 49)
(9, 14)
(24, 49)
(54, 47)
(27, 22)
(20, 39)
(44, 19)
(84, 98)
(80, 1)
(11, 94)
(30, 70)
(33, 45)
(18, 32)
(95, 37)
(53, 34)
(65, 81)
(74, 96)
(18, 38)
(37, 27)
(75, 15)
(48, 63)
(43, 29)
(57, 0)
(43, 79)
(39, 75)
(87, 87)
(9, 53)
(4, 16)
(59, 59)
(7, 49)
(47, 50)
(93, 22)
(18, 6)
(36, 87)
(10, 99)
(20, 76)
(48, 82)
(32, 98)
(70, 32)
(39, 69)
(76, 21)
(97, 80)
(20, 12)
(81, 51)
(22, 3)
(86, 40)
(73, 75)
(91, 54)
(16, 34)
(23, 20)
(36, 79)
(15, 78)
(9, 45)
(79, 60)
(22, 47)
(20, 50)
(13, 91)
(91, 7)
(13, 58)
(98, 1)
(73, 95)
(75, 39)
(39, 67)
(32, 29)
(52, 41)
(61, 6)
(64, 71)
(50, 38)
(40, 65)
(22, 9)
(9, 92)
(96, 85)
(63, 27)
(95, 26)
(40, 36)
(51, 23)
(0, 19)
(92, 95)
(23, 45)
(58, 50)
(48, 89)
(18, 2)
(77, 16)
(57, 18)
(26, 89)
(66, 24)
(24, 87)
(25, 96)
(35, 1)
(58, 20)
(10, 79)
(66, 79)
(17, 70)
(94, 8)
(33, 24)
(56, 47)
(84, 56)
(60, 17)
(87, 33)
(56, 16)
(45, 88)
(72, 44)
(81, 98)
(25, 8)
(33, 89)
(76, 64)
(95, 22)
(67, 64)
(90, 60)
(11, 18)
(91, 99)
(93, 89)
(57, 24)
(52, 1)
(87, 26)
(99, 13)
(89, 80)
(85, 64)
(78, 37)
(79, 49)
(68, 65)
(74, 74)
(31, 83)
(42, 89)
(75, 95)
(22, 50)
(94, 58)
(92, 0)
(10, 52)
(59, 84)
(73, 98)
(63, 7)
(18, 45)
(62, 100)
(68, 19)
(52, 82)
(77, 76)
(63, 14)
(61, 9)
(64, 65)
(47, 34)
(68, 83)
(53, 53)
(3, 23)
(65, 96)
(78, 59)
(17, 20)
(89, 63)
(26, 19)
(56, 50)
(74, 66)
(9, 46)
(93, 10)
(51, 73)
(78, 50)
(33, 79)
(43, 12)
(74, 20)
(47, 87)
(4, 9)
(42, 99)
(49, 17)
(18, 90)
(49, 83)
(95, 49)
(97, 13)
(76, 48)
(62, 73)
(2, 66)
(78, 49)
(93, 34)
(74, 38)
(2, 62)
(78, 24)
(23, 36)
(92, 79)
(58, 90)
(76, 84)
(32, 72)
(79, 80)
(24, 12)
(24, 69)
(34, 16)
(41, 87)
(27, 36)
(2, 46)
(38, 36)
(100, 34)
(1, 67)
(4, 27)
(44, 91)
(14, 100)
(16, 41)
(82, 14)
(5, 94)
(23, 53)
(23, 59)
(26, 21)
(73, 86)
(52, 83)
(29, 40)
(28, 46)
(26, 16)
(99, 60)
(81, 97)
(3, 10)
(59, 13)
(24, 100)
(13, 51)
(70, 72)
(70, 26)
(72, 36)
(39, 18)
(54, 4)
(24, 92)
(44, 44)
(98, 10)
(89, 94)
(94, 18)
(34, 7)
(31, 69)
(17, 43)
(87, 3)
(100, 87)
(25, 70)
(66, 94)
(7, 45)
(20, 66)
(78, 44)
(46, 17)
(83, 26)
(81, 45)
(66, 91)
(98, 28)
(29, 94)
(96, 93)
(83, 51)
(31, 95)
(47, 2)
(87, 78)
(91, 48)
(57, 6)
(71, 10)
(2, 26)
(93, 67)
(65, 66)
(53, 47)
(87, 42)
(70, 97)
(14, 10)
(47, 6)
(17, 18)
(66, 26)
(85, 100)
(50, 71)
(100, 60)
(58, 82)
(88, 27)
(15, 9)
(85, 26)
(49, 16)
(31, 84)
(35, 53)
(74, 43)
(74, 69)
(72, 86)
(31, 33)
(33, 23)
(5, 77)
(68, 62)
(85, 74)
(47, 68)
(44, 69)
(48, 62)
(36, 5)
(68, 10)
(27, 26)
(81, 80)
(81, 56)
(91, 56)
(38, 30)
(25, 37)
(64, 67)
(80, 35)
(11, 86)
(24, 55)
(87, 35)
(69, 54)
(86, 73)
(68, 56)
(9, 95)
(7, 13)
(24, 99)
(49, 55)
(25, 95)
(93, 63)
(28, 10)
(43, 50)
(41, 11)
(3, 25)
(8, 43)
(24, 65)
(52, 94)
(63, 78)
(4, 60)
(12, 49)
(22, 56)
(48, 96)
(95, 91)
(7, 17)
(36, 46)
(23, 30)
(99, 73)
(61, 0)
(28, 70)
(65, 75)
(87, 5)
(25, 41)
(62, 32)
(43, 6)
(99, 8)
(51, 94)
(41, 39)
(96, 4)
(19, 12)
(62, 48)
(91, 77)
(15, 89)
(3, 50)
(81, 75)
(4, 50)
(33, 39)
(4, 52)
(72, 31)
(9, 18)
(89, 69)
(85, 51)
(55, 17)
(16, 78)
(97, 81)
(56, 11)
(32, 87)
(80, 20)
(52, 52)
(50, 19)
(74, 5)
(10, 65)
(55, 25)
(67, 87)
(83, 44)
(62, 98)
(90, 73)
(47, 81)
(41, 100)
(14, 76)
(82, 19)
(72, 75)
(36, 62)
(23, 80)
(11, 73)
(59, 23)
(16, 18)
(91, 85)
(28, 75)
(48, 13)
(64, 22)
(23, 87)
(51, 74)
(19, 89)
(20, 71)
(0, 59)
(7, 75)
(98, 72)
(67, 35)
(72, 61)
(65, 54)
(13, 98)
(17, 45)
(49, 20)
(79, 7)
(71, 81)
(51, 8)
(31, 2)
(57, 9)
(89, 27)
(23, 94)
(26, 50)
(60, 53)
(79, 39)
(49, 89)
(57, 90)
(9, 24)
(6, 44)
(58, 0)
(15, 42)
(42, 21)
(90, 6)
(46, 98)
(93, 38)
(66, 6)
(80, 48)
(86, 11)
(10, 3)
(76, 96)
(95, 11)
(54, 58)
(65, 93)
(51, 87)
(92, 15)
(49, 13)
(25, 31)
(45, 36)
(23, 57)
(96, 73)
(19, 4)
(50, 3)
(44, 20)
(52, 49)
(17, 97)
(21, 35)
(88, 46)
(92, 42)
(60, 93)
(74, 62)
(49, 22)
(68, 38)
(70, 15)
(48, 97)
(34, 19)
(51, 55)
(51, 33)
(94, 4)
(82, 57)
(36, 96)
(3, 47)
(20, 10)
(10, 28)
(30, 23)
(31, 14)
(77, 88)
(55, 33)
(44, 58)
(12, 67)
(73, 85)
(69, 49)
(12, 66)
(76, 66)
(63, 17)
(68, 76)
(62, 6)
(51, 83)
(29, 0)
(7, 20)
(32, 45)
(44, 90)
(74, 37)
(56, 6)
(6, 33)
(30, 27)
(8, 23)
(7, 0)
(89, 35)
(40, 80)
(91, 87)
(79, 61)
(15, 29)
(59, 38)
(33, 63)
(66, 30)
(94, 81)
(33, 18)
(56, 34)
(94, 11)
(36, 20)
(8, 74)
(52, 63)
(94, 71)
(91, 23)
(45, 14)
(93, 29)
(84, 38)
(31, 18)
(24, 61)
(11, 30)
(99, 94)
(1, 27)
(39, 17)
(71, 86)
(62, 9)
(56, 88)
(43, 57)
(83, 46)
(55, 68)
(0, 27)
(42, 54)
(85, 31)
(30, 68)
(11, 59)
(62, 26)
(39, 12)
(74, 57)
(14, 91)
(41, 27)
(79, 98)
(81, 54)
(79, 30)
(92, 21)
(58, 25)
(27, 84)
(90, 17)
(83, 27)
(67, 44)
(55, 70)
(64, 36)
(15, 91)
(99, 1)
(34, 100)
(38, 88)
(46, 75)
(33, 68)
(88, 99)
(36, 83)
(46, 49)
(33, 55)
(60, 91)
(72, 22)
(73, 100)
(60, 59)
(58, 68)
(36, 69)
(52, 6)
(97, 96)
(71, 69)
(83, 91)
(8, 30)
(21, 47)
(98, 46)
(98, 31)
(98, 40)
(45, 38)
(9, 71)
(15, 22)
(86, 27)
(2, 79)
(23, 1)
(82, 71)
(96, 70)
(42, 31)
(20, 63)
(22, 73)
(32, 30)
(78, 66)
(96, 52)
(53, 44)
(94, 19)
(54, 29)
(77, 48)
(47, 72)
(15, 49)
(94, 51)
(59, 70)
(3, 97)
(66, 36)
(78, 62)
(39, 49)
(100, 35)
(69, 18)
(69, 12)
(54, 90)
(49, 60)
(84, 81)
(93, 88)
(17, 58)
(1, 35)
(67, 98)
(77, 63)
(50, 78)
(25, 84)
(14, 49)
(71, 55)
(97, 10)
(86, 42)
(83, 31)
(84, 40)
(95, 92)
(94, 63)
(3, 74)
(67, 83)
(2, 22)
(21, 77)
(16, 24)
(16, 0)
(65, 45)
(17, 75)
(100, 12)
(8, 14)
(36, 38)
(28, 91)
(14, 21)
(90, 35)
(81, 6)
(4, 95)
(54, 65)
(100, 78)
(18, 50)
(81, 89)
(43, 9)
(50, 87)
(96, 30)
(87, 73)
(22, 7)
(77, 28)
(57, 100)
(8, 83)
(23, 98)
(94, 55)
(73, 67)
(58, 55)
(38, 6)
(40, 46)
(66, 90)
(59, 69)
(60, 41)
(49, 45)
(21, 56)
(80, 72)
(83, 74)
(5, 24)
(96, 89)
(75, 50)
(30, 76)
(2, 48)
(10, 12)
(13, 39)
(12, 46)
(78, 55)
(60, 89)
(28, 66)
(46, 94)
(63, 1)
(25, 17)
(40, 43)
(40, 99)
(30, 63)
(22, 11)
(62, 34)
(61, 46)
(69, 23)
(48, 73)
(27, 40)
(58, 17)
(44, 52)
(0, 71)
(1, 33)
(41, 93)
(43, 74)
(26, 39)
(78, 76)
(26, 69)
(55, 74)
(23, 78)
(5, 81)
(30, 6)
(29, 70)
(81, 93)
(62, 20)
(37, 10)
(49, 2)
(1, 1)
(22, 24)
(30, 49)
(61, 32)
(20, 86)
(95, 72)
(97, 1)
(85, 20)
(76, 77)
(5, 5)
(95, 42)
(74, 56)
(9, 39)
(6, 86)
(33, 20)
(99, 76)
(84, 43)
(25, 89)
(66, 34)
(12, 100)
(68, 31)
(18, 39)
(21, 74)
(41, 62)
(61, 86)
(54, 93)
(40, 92)
(41, 2)
(47, 100)
(16, 88)
(41, 76)
(62, 0)
(10, 68)
(24, 31)
(32, 5)
(13, 69)
(41, 53)
(19, 58)
(54, 88)
(31, 48)
(13, 63)
(66, 86)
(100, 77)
(13, 78)
(23, 3)
(92, 66)
(26, 2)
(18, 97)
(10, 9)
(87, 89)
(24, 81)
(56, 14)
(80, 77)
(82, 15)
(56, 23)
(92, 11)
(30, 32)
(98, 47)
(80, 95)
(74, 32)
(64, 96)
(43, 67)
(8, 25)
(19, 46)
(36, 17)
(39, 72)
(98, 62)
(39, 80)
(99, 3)
(59, 48)
(53, 59)
(56, 32)
(98, 17)
(57, 66)
(40, 71)
(88, 65)
(3, 15)
(11, 27)
(97, 11)
(12, 76)
(100, 21)
(45, 6)
(63, 36)
(72, 64)
(40, 33)
(77, 86)
(4, 14)
(5, 34)
(74, 25)
(22, 55)
(91, 67)
(77, 68)
(68, 48)
(52, 19)
(9, 73)
(75, 76)
(19, 79)
(84, 79)
(72, 63)
(25, 77)
(11, 12)
(44, 29)
(37, 19)
(85, 2)
(90, 8)
(67, 54)
(78, 71)
(48, 41)
(82, 74)
(83, 10)
(32, 62)
(69, 48)
(22, 14)
(13, 97)
(59, 80)
(35, 11)
(69, 5)
(49, 10)
(19, 66)
(47, 49)
(29, 92)
(64, 44)
(68, 16)
(50, 21)
(54, 5)
(75, 94)
(24, 9)
(23, 54)
(22, 26)
(40, 96)
(57, 87)
(24, 89)
(57, 17)
(22, 83)
(10, 46)
(39, 74)
(2, 77)
(53, 57)
(64, 79)
(59, 89)
(84, 12)
(34, 87)
(79, 67)
(4, 33)
(38, 70)
(54, 49)
(24, 51)
(93, 16)
(53, 80)
(56, 24)
(85, 54)
(5, 75)
(75, 8)
(80, 62)
(98, 86)
(68, 0)
(13, 11)
(16, 44)
(9, 66)
(59, 46)
(68, 51)
(36, 29)
(83, 64)
(14, 13)
(40, 15)
(34, 59)
(16, 79)
(20, 43)
(7, 88)
(63, 4)
(22, 17)
(21, 75)
(40, 24)
(24, 96)
(43, 59)
(84, 69)
(74, 88)
(79, 12)
(88, 28)
(41, 6)
(89, 70)
(46, 99)
(43, 52)
(16, 23)
(69, 17)
(89, 86)
(29, 69)
(33, 92)
(68, 87)
(33, 75)
(13, 20)
(42, 13)
(81, 47)
(39, 20)
(38, 73)
(35, 78)
(26, 41)
(29, 37)
(35, 25)
(78, 95)
(25, 30)
(94, 95)
(84, 55)
(21, 41)
(83, 57)
(81, 62)
(21, 32)
(52, 74)
(62, 11)
(15, 61)
(74, 15)
(37, 86)
(90, 90)
(23, 0)
(3, 12)
(25, 47)
(50, 39)
(54, 87)
(90, 9)
(12, 84)
(86, 59)
(31, 82)
(28, 16)
(60, 24)
(31, 25)
(68, 44)
(94, 97)
(24, 23)
(55, 83)
(5, 76)
(25, 100)
(1, 44)
(84, 37)
(8, 22)
(38, 89)
(42, 66)
(55, 86)
(97, 47)
(65, 82)
(79, 89)
(50, 1)
(53, 33)
(81, 27)
(11, 4)
(60, 66)
(70, 69)
(84, 8)
(73, 12)
(43, 22)
(86, 36)
(37, 8)
(59, 43)
(19, 21)
(45, 54)
(25, 24)
(89, 75)
(21, 21)
(60, 100)
(52, 48)
(3, 52)
(66, 0)
(50, 36)
(73, 47)
(15, 100)
(22, 28)
(4, 21)
(71, 48)
(50, 34)
(91, 24)
(93, 8)
(13, 64)
(13, 13)
(35, 72)
(15, 69)
(12, 8)
(72, 30)
(40, 4)
(88, 74)
(44, 61)
(36, 16)
(93, 52)
(69, 82)
(84, 90)
(27, 91)
(28, 19)
(35, 58)
(61, 67)
(86, 31)
(50, 100)
(39, 31)
(91, 9)
(47, 22)
(99, 14)
(63, 66)
(38, 23)
(20, 35)
(12, 24)
(56, 22)
(63, 52)
(7, 82)
(41, 33)
(36, 13)
(37, 39)
(16, 70)
(10, 45)
(4, 1)
(48, 80)
(84, 42)
(71, 76)
(82, 2)
(60, 13)
(89, 39)
(78, 60)
(9, 80)
(22, 91)
(16, 38)
(1, 11)
(60, 23)
(27, 90)
(20, 78)
(78, 82)
(13, 25)
(100, 27)
(42, 82)
(12, 42)
(57, 73)
(65, 86)
(42, 84)
(59, 10)
(95, 65)
(63, 30)
(65, 84)
(92, 85)
(73, 0)
(67, 23)
(68, 13)
(42, 36)
(69, 1)
(84, 50)
(60, 97)
(47, 51)
(64, 55)
(87, 45)
(20, 100)
(98, 32)
(84, 39)
(53, 27)
(10, 47)
(14, 93)
(19, 18)
(67, 58)
(86, 28)
(30, 47)
(32, 38)
(39, 98)
(98, 19)
(22, 0)
(22, 95)
(26, 63)
(81, 10)
(42, 98)
(100, 53)
(20, 3)
(90, 64)
(67, 72)
(31, 90)
(2, 38)
(36, 99)
(28, 86)
(95, 95)
(17, 92)
(66, 31)
(21, 28)
(21, 43)
(76, 5)
(13, 32)
(94, 67)
(23, 91)
(14, 62)
(48, 53)
(70, 27)
(86, 5)
(8, 93)
(96, 71)
(77, 25)
(35, 16)
(24, 84)
(18, 47)
(51, 70)
(59, 8)
(93, 55)
(11, 24)
(48, 31)
(36, 4)
(28, 62)
(86, 67)
(96, 54)
(53, 56)
(86, 18)
(90, 33)
(54, 33)
(29, 100)
(55, 59)
(32, 36)
(78, 4)
(93, 94)
(66, 5)
(23, 77)
(67, 100)
(12, 15)
(89, 46)
(45, 79)
(49, 58)
(20, 98)
(84, 63)
(56, 65)
(11, 91)
(80, 92)
(71, 71)
(5, 57)
(71, 1)
(57, 92)
(99, 98)
(27, 32)
(9, 77)
(91, 98)
(18, 65)
(100, 49)
(10, 98)
(92, 50)
(88, 14)
(72, 58)
(77, 98)
(90, 13)
(23, 47)
(16, 36)
(62, 53)
(90, 50)
(50, 11)
(28, 43)
(69, 77)
(92, 77)
(11, 48)
(70, 42)
(44, 7)
(16, 67)
(59, 53)
(45, 19)
(83, 18)
(22, 1)
(34, 11)
(60, 37)
(98, 44)
(49, 12)
(98, 60)
(96, 65)
(95, 55)
(70, 82)
(87, 24)
(2, 63)
(50, 76)
(97, 14)
(64, 90)
(89, 53)
(61, 69)
(43, 97)
(36, 56)
(24, 37)
(91, 52)
(6, 19)
(1, 30)
(34, 53)
(95, 54)
(47, 76)
(48, 6)
(14, 0)
(46, 90)
(14, 17)
(13, 95)
(60, 96)
(59, 9)
(30, 66)
(76, 92)
(46, 66)
(38, 31)
(98, 58)
(27, 42)
(32, 17)
(65, 78)
(50, 83)
(61, 76)
(80, 86)
(74, 31)
(28, 20)
(80, 23)
(45, 56)
(77, 21)
(7, 23)
(32, 100)
(77, 95)
(16, 62)
(4, 100)
(6, 83)
(58, 85)
(78, 2)
(83, 36)
(65, 22)
(10, 75)
(99, 93)
(57, 61)
(27, 57)
(88, 40)
(26, 83)
(39, 0)
(47, 96)
(29, 23)
(35, 95)
(15, 76)
(69, 10)
(97, 92)
(12, 53)
(38, 17)
(63, 3)
(64, 40)
(68, 55)
(38, 69)
(20, 81)
(22, 36)
(75, 9)
(40, 90)
(2, 88)
(55, 41)
(3, 37)
(62, 89)
(43, 4)
(27, 0)
(38, 46)
(17, 72)
(48, 68)
(32, 40)
(48, 55)
(64, 26)
(11, 1)
(58, 38)
(44, 97)
(98, 37)
(6, 4)
(52, 14)
(96, 21)
(74, 67)
(65, 64)
(33, 64)
(39, 88)
(14, 57)
(96, 74)
(23, 22)
(2, 50)
(42, 25)
(90, 76)
(44, 33)
(83, 52)
(47, 54)
(40, 40)
(5, 61)
(59, 24)
(13, 100)
(27, 96)
(69, 39)
(42, 80)
(47, 16)
(18, 5)
(71, 6)
(38, 75)
(78, 1)
(25, 67)
(39, 50)
(97, 83)
(41, 63)
(41, 57)
(17, 12)
(4, 68)
(33, 72)
(99, 49)
(61, 29)
(73, 19)
(57, 82)
(80, 32)
(31, 87)
(39, 93)
(55, 48)
(54, 40)
(17, 28)
(33, 52)
(98, 77)
(23, 41)
(49, 93)
(52, 30)
(19, 94)
(18, 59)
(22, 25)
(65, 25)
(0, 35)
(0, 4)
(34, 31)
(29, 22)
(44, 5)
(39, 95)
(74, 77)
(79, 63)
(49, 35)
(17, 14)
(88, 33)
(34, 48)
(62, 57)
(13, 12)
(76, 16)
(26, 77)
(91, 97)
(34, 55)
(43, 86)
(9, 6)
(60, 98)
(15, 19)
(42, 46)
(80, 52)
(9, 51)
(38, 25)
(63, 82)
(71, 32)
(57, 79)
(76, 28)
(89, 31)
(2, 75)
(9, 22)
(82, 13)
(54, 82)
(19, 36)
(16, 21)
(37, 40)
(38, 100)
(89, 55)
(5, 23)
(93, 54)
(32, 70)
(16, 74)
(13, 0)
(86, 76)
(0, 1)
(28, 87)
(36, 84)
(82, 33)
(15, 60)
(70, 35)
(24, 29)
(94, 87)
(85, 19)
(10, 20)
(92, 88)
(35, 10)
(67, 31)
(61, 64)
(25, 46)
(55, 40)
(64, 31)
(0, 68)
(47, 1)
(26, 70)
(14, 22)
(29, 12)
(42, 28)
(82, 100)
(28, 81)
(31, 5)
(98, 76)
(76, 85)
(45, 67)
(91, 82)
(69, 38)
(6, 13)
(59, 88)
(42, 93)
(56, 91)
(6, 70)
(55, 4)
(31, 99)
(63, 45)
(28, 3)
(17, 25)
(3, 13)
(45, 30)
(26, 13)
(93, 45)
(17, 67)
(73, 74)
(33, 19)
(48, 85)
(49, 82)
(1, 84)
(89, 30)
(8, 48)
(15, 44)
(98, 66)
(43, 83)
(20, 62)
(79, 54)
(86, 78)
(3, 53)
(32, 12)
(16, 69)
(0, 36)
(72, 77)
(81, 8)
(19, 70)
(1, 41)
(1, 21)
(34, 37)
(6, 72)
(0, 28)
(9, 36)
(98, 55)
(61, 4)
(86, 61)
(21, 23)
(88, 16)
(42, 67)
(0, 91)
(38, 47)
(79, 25)
(91, 10)
(32, 0)
(28, 69)
(3, 38)
(35, 43)
(30, 53)
(96, 83)
(23, 26)
(75, 70)
(83, 7)
(43, 24)
(71, 23)
(93, 5)
(98, 91)
(67, 20)
(91, 19)
(49, 67)
(64, 12)
(27, 19)
(89, 65)
(13, 10)
(93, 28)
(42, 38)
(8, 4)
(71, 56)
(87, 85)
(75, 88)
(88, 91)
(88, 92)
(37, 42)
(100, 61)
(48, 18)
(2, 54)
(67, 77)
(93, 75)
(100, 66)
(56, 89)
(13, 57)
(74, 14)
(55, 85)
(7, 97)
(36, 10)
(73, 24)
(65, 80)
(7, 26)
(72, 39)
(69, 96)
(17, 7)
(90, 3)
(46, 26)
(96, 35)
(43, 98)
(47, 41)
(76, 65)
(5, 90)
(47, 43)
(51, 6)
(41, 96)
(90, 68)
(38, 64)
(70, 73)
(63, 39)
(55, 87)
(63, 93)
(77, 26)
(11, 40)
(50, 16)
(0, 49)
(66, 99)
(76, 23)
(28, 36)
(83, 56)
(1, 28)
(68, 94)
(51, 61)
(9, 83)
(37, 69)
(18, 27)
(37, 51)
(28, 15)
(4, 94)
(10, 76)
(100, 54)
(11, 16)
(2, 25)
(5, 93)
(10, 80)
(65, 19)
(35, 5)
(7, 69)
(32, 57)
(22, 23)
(7, 42)
(56, 0)
(100, 67)
(13, 93)
(94, 72)
(33, 10)
(27, 14)
(77, 73)
(100, 82)
(64, 25)
(67, 39)
(21, 59)
(94, 30)
(18, 100)
(89, 84)
(28, 32)
(54, 24)
(96, 48)
(32, 3)
(67, 18)
(42, 85)
(97, 70)
(89, 95)
(80, 80)
(77, 83)
(9, 40)
(96, 61)
(81, 74)
(73, 65)
(43, 38)
(20, 87)
(46, 83)
(28, 24)
(58, 100)
(84, 83)
(100, 41)
(59, 15)
(18, 17)
(64, 75)
(95, 40)
(68, 35)
(0, 2)
(15, 8)
(88, 41)
(64, 62)
(4, 81)
(67, 62)
(75, 83)
(56, 83)
(5, 98)
(40, 97)
(60, 82)
(82, 73)
(83, 24)
(7, 77)
(32, 85)
(93, 0)
(5, 96)
(97, 34)
(82, 81)
(36, 18)
(18, 49)
(38, 1)
(45, 51)
(21, 36)
(65, 68)
(9, 20)
(27, 7)
(66, 76)
(78, 17)
(87, 91)
(84, 97)
(86, 45)
(51, 51)
(51, 17)
(89, 48)
(82, 52)
(69, 11)
(33, 93)
(66, 89)
(64, 35)
(77, 10)
(67, 13)
(96, 19)
(88, 95)
(81, 95)
(77, 37)
(76, 44)
(22, 79)
(22, 85)
(15, 80)
(92, 57)
(93, 80)
(5, 44)
(47, 46)
(15, 50)
(99, 75)
(86, 14)
(71, 73)
(5, 22)
(28, 53)
(38, 20)
(19, 20)
(82, 86)
(37, 46)
(47, 25)
(3, 28)
(90, 78)
(31, 73)
(14, 63)
(65, 24)
(26, 12)
(70, 7)
(82, 92)
(72, 19)
(96, 76)
(83, 76)
(34, 86)
(33, 17)
(12, 85)
(60, 55)
(58, 27)
(70, 68)
(77, 97)
(95, 25)
(21, 46)
(89, 76)
(86, 26)
(5, 37)
(98, 35)
(3, 58)
(19, 42)
(11, 17)
(100, 37)
(52, 65)
(4, 13)
(99, 85)
(21, 65)
(73, 68)
(81, 59)
(61, 30)
(39, 45)
(16, 81)
(96, 6)
(55, 80)
(40, 68)
(26, 99)
(58, 98)
(61, 8)
(80, 44)
(52, 8)
(93, 93)
(68, 71)
(4, 69)
(41, 50)
(53, 71)
(77, 49)
(20, 58)
(96, 62)
(82, 32)
(95, 24)
(65, 85)
(99, 4)
(17, 83)
(20, 19)
(8, 81)
(100, 32)
(1, 55)
(34, 93)
(57, 4)
(27, 87)
(89, 74)
(86, 3)
(21, 57)
(18, 11)
(5, 28)
(88, 21)
(2, 17)
(22, 39)
(41, 94)
(57, 53)
(55, 65)
(36, 57)
(24, 33)
(65, 55)
(74, 61)
(17, 60)
(96, 17)
(30, 13)
(33, 0)
(90, 19)
(43, 62)
(100, 30)
(96, 9)
(75, 63)
(95, 9)
(49, 3)
(23, 58)
(87, 62)
(14, 34)
(28, 0)
(78, 14)
(79, 79)
(83, 0)
(94, 93)
(79, 11)
(17, 65)
(14, 97)
(77, 96)
(80, 47)
(71, 63)
(72, 40)
(69, 37)
(99, 9)
(49, 79)
(20, 93)
(55, 77)
(44, 74)
(89, 64)
(5, 92)
(34, 97)
(10, 95)
(60, 56)
(32, 53)
(4, 42)
(38, 79)
(51, 16)
(76, 32)
(17, 10)
(57, 30)
(15, 23)
(87, 96)
(94, 38)
(36, 54)
(31, 72)
(67, 85)
(71, 0)
(15, 28)
(4, 5)
(43, 99)
(32, 60)
(3, 71)
(98, 71)
(39, 25)
(39, 15)
(87, 28)
(85, 77)
(5, 83)
(97, 61)
(25, 82)
(13, 75)
(72, 9)
(27, 62)
(18, 94)
(86, 47)
(29, 95)
(41, 1)
(21, 20)
(94, 50)
(97, 41)
(98, 33)
(25, 15)
(64, 3)
(34, 24)
(76, 12)
(49, 4)
(39, 29)
(14, 48)
(59, 37)
(62, 17)
(15, 58)
(85, 43)
(39, 52)
(99, 72)
(55, 97)
(12, 64)
(37, 54)
(82, 38)
(95, 33)
(96, 68)
(31, 23)
(13, 38)
(48, 0)
(66, 72)
(47, 69)
(97, 42)
(79, 15)
(8, 82)
(76, 11)
(29, 1)
(74, 30)
(41, 66)
(93, 82)
(74, 81)
(39, 96)
(37, 3)
(92, 53)
(87, 72)
(37, 14)
(42, 81)
(91, 71)
(37, 25)
(30, 75)
(17, 88)
(67, 95)
(10, 7)
(13, 90)
(45, 84)
(79, 94)
(9, 25)
(5, 54)
(5, 50)
(41, 97)
(15, 38)
(41, 88)
(66, 38)
(8, 58)
(75, 18)
(72, 76)
(85, 53)
(13, 94)
(25, 83)
(27, 66)
(44, 45)
(15, 21)
(51, 69)
(58, 40)
(21, 22)
(66, 39)
(90, 29)
(90, 93)
(60, 57)
(35, 81)
(1, 22)
(89, 93)
(1, 72)
(70, 47)
(8, 65)
(82, 58)
(79, 84)
(19, 74)
(60, 69)
(44, 36)
(89, 83)
(22, 6)
(15, 68)
(76, 58)
(73, 87)
(30, 8)
(67, 57)
(47, 17)
(23, 50)
(55, 20)
(68, 45)
(14, 52)
(84, 73)
(73, 66)
(54, 17)
(25, 79)
(14, 25)
(44, 25)
(7, 91)
(39, 36)
(44, 99)
(58, 80)
(5, 0)
(98, 83)
(55, 34)
(43, 56)
(8, 38)
(25, 27)
(87, 100)
(32, 8)
(17, 59)
(55, 21)
(31, 66)
(33, 44)
(97, 72)
(54, 89)
(19, 50)
(78, 7)
(67, 15)
(59, 18)
(79, 81)
(32, 94)
(93, 40)
(96, 47)
(75, 44)
(25, 35)
(48, 98)
(94, 62)
(53, 77)
(11, 25)
(35, 40)
(21, 87)
(53, 18)
(6, 8)
(16, 97)
(87, 30)
(48, 30)
(96, 99)
(27, 71)
(62, 96)
(55, 75)
(90, 27)
(57, 19)
(53, 51)
(82, 26)
(72, 53)
(66, 68)
(46, 5)
(96, 58)
(67, 12)
(65, 15)
(30, 25)
(35, 51)
(74, 23)
(73, 56)
(91, 60)
(89, 36)
(32, 22)
(93, 1)
(55, 58)
(30, 35)
(11, 49)
(97, 69)
(52, 75)
(90, 49)
(25, 59)
(2, 90)
(81, 69)
(63, 25)
(66, 54)
(98, 95)
(61, 91)
(88, 20)
(59, 47)
(61, 72)
(88, 67)
(46, 7)
(20, 38)
(83, 45)
(64, 39)
(51, 88)
(9, 37)
(41, 35)
(21, 70)
(9, 5)
(59, 26)
(16, 29)
(24, 36)
(10, 44)
(100, 91)
(92, 69)
(40, 54)
(56, 15)
(43, 49)
(55, 46)
(22, 49)
(40, 42)
(42, 75)
(48, 66)
(14, 92)
(23, 2)
(61, 11)
(80, 26)
(44, 71)
(18, 98)
(17, 89)
(52, 32)
(9, 85)
(41, 91)
(63, 26)
(83, 95)
(43, 11)
(68, 8)
(40, 14)
(15, 67)
(66, 53)
(69, 3)
(35, 54)
(44, 47)
(47, 56)
(24, 76)
(36, 66)
(50, 15)
(97, 97)
(72, 15)
(83, 1)
(18, 51)
(60, 62)
(7, 72)
(99, 41)
(64, 16)
(19, 24)
(18, 81)
(40, 6)
(71, 66)
(75, 53)
(23, 39)
(52, 70)
(71, 34)
(2, 92)
(86, 44)
(63, 32)
(45, 90)
(63, 50)
(82, 56)
(90, 86)
(92, 86)
(78, 78)
(44, 85)
(76, 33)
(85, 17)
(40, 37)
(2, 1)
(1, 53)
(34, 47)
(12, 44)
(25, 65)
(43, 85)
(74, 34)
(62, 18)
(75, 33)
(55, 53)
(18, 64)
(100, 90)
(29, 34)
(2, 76)
(60, 79)
(1, 39)
(18, 53)
(89, 73)
(40, 59)
(38, 57)
(67, 99)
(78, 73)
(67, 27)
(3, 30)
(48, 26)
(100, 14)
(36, 22)
(59, 90)
(100, 76)
(59, 76)
(30, 96)
(11, 26)
(33, 78)
(77, 85)
(72, 38)
(30, 55)
(60, 90)
(70, 0)
(31, 77)
(49, 88)
(66, 32)
(80, 31)
(9, 90)
(17, 49)
(5, 43)
(98, 70)
(49, 11)
(7, 41)
(18, 36)
(87, 61)
(90, 100)
(37, 67)
(39, 76)
(1, 19)
(58, 29)
(89, 91)
(100, 58)
(18, 63)
(74, 24)
(92, 28)
(78, 9)
(3, 5)
(56, 55)
(22, 78)
(6, 10)
(97, 45)
(96, 81)
(90, 75)
(28, 1)
(40, 52)
(47, 28)
(30, 58)
(58, 31)
(68, 82)
(91, 95)
(57, 36)
(85, 97)
(37, 0)
(56, 40)
(24, 34)
(69, 31)
(90, 89)
(52, 29)
(57, 48)
(52, 23)
(40, 7)
(41, 7)
(50, 9)
(94, 15)
(44, 14)
(58, 23)
(0, 26)
(35, 64)
(78, 6)
(61, 45)
(99, 69)
(47, 0)
(86, 60)
(83, 58)
(29, 79)
(21, 51)
(0, 65)
(20, 73)
(28, 63)
(60, 20)
(48, 32)
(90, 10)
(51, 85)
(50, 57)
(35, 88)
(52, 44)
(73, 91)
(24, 83)
(89, 21)
(1, 48)
(26, 11)
(40, 69)
(15, 1)
(41, 9)
(78, 88)
(8, 52)
(63, 83)
(7, 3)
(86, 50)
(75, 97)
(83, 66)
(28, 51)
(92, 16)
(47, 42)
(31, 59)
(83, 89)
(10, 14)
(70, 65)
(29, 41)
(3, 56)
(64, 13)
(62, 24)
(35, 76)
(43, 40)
(94, 61)
(86, 39)
(82, 48)
(8, 56)
(76, 14)
(53, 97)
(12, 31)
(85, 71)
(38, 27)
(10, 32)
(75, 74)
(30, 28)
(23, 79)
(36, 50)
(36, 52)
(92, 70)
(1, 59)
(88, 94)
(30, 67)
(0, 43)
(74, 6)
(61, 10)
(100, 94)
(72, 16)
(48, 61)
(26, 14)
(80, 61)
(51, 76)
(33, 12)
(55, 14)
(80, 85)
(37, 76)
(75, 36)
(4, 41)
(55, 52)
(25, 76)
(93, 73)
(95, 2)
(90, 79)
(69, 59)
(99, 48)
(19, 5)
(17, 21)
(32, 42)
(85, 21)
(12, 43)
(9, 42)
(95, 31)
(20, 25)
(4, 54)
(15, 31)
(32, 61)
(4, 46)
(45, 81)
(93, 66)
(59, 25)
(37, 93)
(28, 49)
(52, 78)
(11, 19)
(74, 40)
(86, 94)
(1, 42)
(97, 99)
(97, 89)
(93, 60)
(56, 51)
(45, 7)
(49, 8)
(23, 65)
(27, 12)
(84, 19)
(100, 39)
(34, 30)
(39, 90)
(82, 1)
(62, 13)
(57, 34)
(14, 32)
(64, 20)
(30, 100)
(46, 88)
(15, 3)
(32, 97)
(57, 3)
(97, 18)
(18, 41)
(89, 66)
(31, 26)
(32, 74)
(31, 17)
(9, 21)
(42, 63)
(97, 31)
(79, 82)
(0, 14)
(30, 78)
(62, 5)
(56, 46)
(55, 6)
(77, 27)
(94, 42)
(26, 72)
(59, 42)
(55, 57)
(39, 79)
(47, 84)
(25, 72)
(71, 21)
(95, 57)
(99, 96)
(0, 84)
(46, 44)
(11, 43)
(79, 71)
(77, 45)
(87, 99)
(15, 17)
(18, 60)
(70, 28)
(32, 56)
(56, 30)
(94, 88)
(50, 85)
(93, 86)
(46, 15)
(16, 64)
(50, 98)
(22, 100)
(82, 23)
(20, 90)
(86, 19)
(59, 14)
(73, 44)
(65, 7)
(69, 86)
(45, 82)
(17, 51)
(97, 85)
(86, 51)
(12, 81)
(51, 56)
(99, 10)
(60, 71)
(53, 73)
(2, 78)
(93, 48)
(10, 50)
(43, 32)
(3, 60)
(67, 90)
(18, 42)
(5, 47)
(99, 82)
(76, 19)
(48, 64)
(0, 38)
(30, 4)
(54, 73)
(71, 12)
(54, 75)
(69, 64)
(65, 48)
(62, 85)
(12, 3)
(60, 94)
(34, 99)
(35, 79)
(34, 98)
(3, 11)
(29, 7)
(69, 69)
(48, 11)
(17, 66)
(26, 43)
(35, 14)
(2, 67)
(22, 74)
(41, 59)
(57, 5)
(35, 28)
(43, 69)
(42, 56)
(8, 42)
(27, 63)
(56, 33)
(58, 10)
(60, 68)
(19, 47)
(7, 58)
(55, 95)
(78, 89)
(63, 91)
(18, 33)
(71, 24)
(85, 85)
(74, 89)
(68, 53)
(53, 50)
(98, 7)
(22, 30)
(15, 98)
(91, 75)
(100, 10)
(27, 5)
(73, 84)
(30, 69)
(0, 75)
(13, 49)
(80, 27)
(82, 55)
(33, 90)
(55, 69)
(82, 61)
(42, 34)
(95, 1)
(35, 49)
(61, 22)
(10, 97)
(36, 95)
(27, 97)
(61, 36)
(36, 59)
(51, 11)
(14, 23)
(53, 82)
(40, 8)
(42, 39)
(76, 29)
(54, 7)
(37, 92)
(20, 16)
(16, 75)
(22, 69)
(19, 97)
(77, 61)
(6, 94)
(82, 70)
(88, 12)
(96, 28)
(91, 45)
(61, 79)
(42, 47)
(2, 32)
(99, 79)
(63, 76)
(58, 63)
(76, 45)
(12, 32)
(50, 45)
(63, 73)
(3, 83)
(68, 30)
(87, 40)
(67, 66)
(43, 61)
(91, 33)
(48, 84)
(5, 95)
(47, 66)
(74, 99)
(1, 40)
(65, 74)
(51, 34)
(83, 28)
(11, 37)
(10, 24)
(36, 76)
(37, 49)
(28, 4)
(25, 85)
(64, 87)
(3, 92)
(1, 69)
(21, 34)
(42, 53)
(17, 55)
(36, 32)
(39, 9)
(11, 96)
(51, 3)
(29, 66)
(25, 58)
(48, 54)
(9, 47)
(8, 90)
(31, 88)
(8, 99)
(43, 90)
(82, 36)
(98, 73)
(55, 5)
(90, 96)
(38, 55)
(37, 63)
(59, 58)
(69, 88)
(47, 11)
(74, 45)
(19, 26)
(67, 79)
(15, 95)
(20, 82)
(99, 6)
(11, 11)
(63, 31)
(55, 51)
(15, 62)
(8, 39)
(92, 92)
(82, 78)
(69, 93)
(9, 76)
(93, 9)
(76, 86)
(48, 50)
(62, 33)
(37, 31)
(54, 55)
(41, 82)
(99, 37)
(33, 60)
(53, 25)
(15, 57)
(85, 39)
(63, 98)
(53, 17)
(4, 87)
(52, 58)
(34, 66)
(8, 92)
(33, 97)
(64, 11)
(49, 81)
(26, 47)
(53, 86)
(91, 63)
(26, 18)
(32, 80)
(52, 28)
(24, 15)
(20, 89)
(60, 70)
(24, 39)
(83, 68)
(76, 27)
(4, 0)
(51, 79)
(20, 70)
(32, 65)
(11, 64)
(38, 86)
(58, 7)
(71, 25)
(69, 85)
(11, 62)
(93, 58)
(0, 8)
(86, 62)
(55, 72)
(77, 31)
(50, 70)
(62, 15)
(88, 59)
(15, 14)
(28, 93)
(100, 64)
(5, 99)
(51, 64)
(3, 46)
(31, 86)
(81, 12)
(47, 63)
(2, 21)
(87, 90)
(89, 79)
(20, 29)
(46, 27)
(77, 22)
(13, 37)
(11, 13)
(43, 73)
(96, 16)
(10, 62)
(23, 89)
(14, 82)
(29, 52)
(92, 41)
(42, 52)
(38, 13)
(58, 94)
(72, 21)
(69, 58)
(70, 9)
(5, 52)
(29, 81)
(11, 41)
(77, 54)
(83, 9)
(95, 34)
(78, 0)
(4, 90)
(29, 19)
(31, 12)
(42, 68)
(67, 59)
(57, 98)
(39, 65)
(73, 42)
(71, 27)
(95, 96)
(31, 51)
(90, 81)
(64, 51)
(26, 3)
(50, 62)
(38, 14)
(97, 12)
(7, 63)
(8, 86)
(75, 21)
(84, 80)
(42, 1)
(19, 65)
(15, 64)
(53, 46)
(20, 9)
(93, 3)
(84, 71)
(33, 96)
(37, 82)
(29, 90)
(32, 49)
(31, 80)
(8, 87)
(15, 15)
(7, 64)
(34, 64)
(33, 47)
(40, 26)
(38, 9)
(16, 65)
(11, 65)
(31, 96)
(98, 90)
(81, 5)
(3, 63)
(58, 84)
(58, 74)
(97, 8)
(81, 83)
(67, 14)
(95, 52)
(14, 87)
(95, 28)
(59, 97)
(43, 5)
(31, 53)
(98, 67)
(74, 98)
(12, 77)
(80, 87)
(81, 14)
(6, 63)
(12, 29)
(60, 25)
(38, 4)
(2, 47)
(39, 40)
(64, 60)
(4, 7)
(97, 67)
(53, 19)
(14, 73)
(62, 70)
(49, 90)
(45, 37)
(20, 96)
(63, 99)
(37, 50)
(29, 4)
(92, 82)
(44, 54)
(35, 39)
(99, 88)
(61, 84)
(60, 33)
(22, 92)
(40, 79)
(42, 83)
(11, 55)
(50, 82)
(51, 99)
(59, 40)
(22, 61)
(57, 80)
(6, 66)
(54, 21)
(30, 5)
(50, 6)
(6, 99)
(23, 93)
(80, 10)
(49, 86)
(12, 48)
(88, 96)
(8, 77)
(61, 42)
(59, 62)
(17, 47)
(10, 42)
(29, 82)
(38, 22)
(19, 68)
(45, 35)
(62, 47)
(18, 12)
(53, 5)
(65, 30)
(63, 59)
(66, 1)
(66, 57)
(8, 19)
(41, 73)
(96, 84)
(6, 27)
(55, 84)
(68, 9)
(62, 40)
(44, 1)
(64, 10)
(17, 82)
(3, 1)
(94, 34)
(9, 50)
(36, 14)
(59, 96)
(67, 91)
(95, 15)
(23, 40)
(50, 92)
(96, 60)
(54, 25)
(26, 57)
(44, 80)
(29, 55)
(12, 35)
(24, 30)
(66, 46)
(54, 38)
(81, 16)
(83, 12)
(67, 48)
(69, 72)
(48, 25)
(58, 13)
(68, 91)
(73, 76)
(85, 7)
(97, 38)
(29, 87)
(29, 61)
(63, 15)
(99, 29)
(77, 90)
(57, 67)
(67, 51)
(7, 46)
(90, 0)
(5, 58)
(20, 49)
(45, 11)
(84, 74)
(41, 83)
(90, 54)
(34, 10)
(6, 71)
(12, 28)
(27, 6)
(32, 15)
(81, 3)
(16, 92)
(11, 22)
(27, 28)
(9, 19)
(58, 32)
(12, 40)
(54, 74)
(33, 6)
(92, 83)
(78, 80)
(14, 19)
(2, 27)
(51, 28)
(29, 42)
(72, 71)
(34, 65)
(31, 24)
(72, 81)
(44, 78)
(8, 75)
(92, 61)
(27, 50)
(18, 25)
(47, 73)
(84, 44)
(46, 78)
(4, 17)
(85, 0)
(80, 4)
(76, 7)
(13, 27)
(2, 99)
(98, 68)
(24, 68)
(0, 12)
(91, 40)
(33, 42)
(74, 86)
(17, 30)
(56, 71)
(86, 54)
(87, 55)
(66, 25)
(64, 1)
(4, 32)
(60, 29)
(14, 98)
(71, 31)
(30, 26)
(33, 73)
(49, 62)
(91, 37)
(6, 77)
(30, 65)
(99, 56)
(58, 71)
(77, 60)
(20, 27)
(65, 63)
(38, 49)
(4, 10)
(3, 17)
(79, 6)
(96, 72)
(16, 59)
(43, 54)
(90, 5)
(53, 70)
(63, 51)
(72, 82)
(51, 84)
(49, 92)
(22, 87)
(40, 85)
(24, 54)
(27, 37)
(87, 82)
(42, 5)
(30, 90)
(96, 96)
(75, 22)
(6, 3)
(59, 98)
(62, 66)
(69, 87)
(47, 18)
(6, 79)
(84, 89)
(58, 58)
(82, 46)
(32, 73)
(7, 34)
(12, 73)
(82, 40)
(26, 79)
(5, 71)
(36, 63)
(14, 94)
(88, 38)
(4, 80)
(28, 23)
(53, 61)
(54, 23)
(66, 83)
(66, 20)
(75, 7)
(41, 10)
(7, 67)
(16, 30)
(74, 51)
(92, 96)
(30, 11)
(31, 55)
(86, 87)
(15, 10)
(94, 41)
(58, 67)
(65, 0)
(79, 66)
(25, 50)
(70, 34)
(77, 84)
(88, 42)
(31, 63)
(87, 95)
(53, 35)
(94, 29)
(33, 85)
(43, 20)
(88, 8)
(41, 3)
(6, 57)
(87, 69)
(7, 66)
(81, 92)
(68, 100)
(19, 64)
(96, 1)
(75, 59)
(0, 41)
(53, 90)
(29, 65)
(90, 82)
(54, 18)
(61, 20)
(30, 59)
(69, 79)
(42, 42)
(19, 39)
(50, 67)
(53, 84)
(99, 90)
(87, 25)
(73, 28)
(34, 68)
(32, 39)
(12, 16)
(14, 37)
(10, 26)
(98, 75)
(2, 49)
(36, 43)
(84, 20)
(32, 93)
(35, 63)
(27, 76)
(38, 80)
(51, 68)
(88, 43)
(58, 19)
(25, 63)
(38, 10)
(23, 7)
(81, 42)
(61, 21)
(96, 33)
(27, 8)
(63, 90)
(79, 90)
(4, 55)
(61, 65)
(97, 79)
(94, 66)
(30, 77)
(32, 28)
(88, 13)
(3, 54)
(54, 51)
(3, 66)
(19, 1)
(62, 81)
(96, 31)
(66, 3)
(73, 70)
(70, 37)
(100, 29)
(57, 50)
(79, 10)
(23, 23)
(35, 74)
(12, 57)
(7, 84)
(91, 59)
(64, 97)
(58, 88)
(20, 57)
(85, 89)
(37, 22)
(18, 56)
(76, 72)
(22, 89)
(76, 100)
(10, 21)
(80, 100)
(91, 25)
(27, 81)
(43, 47)
(86, 2)
(27, 98)
(55, 71)
(55, 100)
(25, 91)
(52, 13)
(61, 98)
(54, 46)
(57, 27)
(2, 8)
(88, 4)
(12, 87)
(40, 100)
(6, 96)
(57, 76)
(75, 2)
(61, 47)
(57, 60)
(12, 50)
(56, 54)
(75, 42)
(41, 52)
(24, 56)
(43, 82)
(62, 80)
(70, 2)
(93, 69)
(76, 73)
(33, 37)
(94, 69)
(91, 49)
(38, 35)
(41, 98)
(2, 12)
(75, 51)
(55, 30)
(4, 59)
(22, 77)
(37, 29)
(26, 92)
(5, 78)
(76, 68)
(36, 30)
(56, 68)
(66, 69)
(25, 6)
(34, 45)
(36, 65)
(16, 39)
(17, 87)
(62, 87)
(3, 41)
(73, 6)
(44, 9)
(21, 62)
(13, 87)
(4, 2)
(25, 45)
(21, 100)
(84, 78)
(34, 46)
(21, 88)
(28, 54)
(73, 1)
(98, 69)
(65, 59)
(35, 3)
(47, 26)
(56, 59)
(95, 81)
(87, 8)
(98, 5)
(14, 51)
(65, 10)
(65, 99)
(36, 31)
(91, 55)
(12, 82)
(79, 96)
(92, 62)
(41, 17)
(42, 64)
(50, 20)
(85, 60)
(42, 78)
(52, 95)
(14, 35)
(82, 53)
(12, 68)
(16, 14)
(77, 50)
(51, 39)
(2, 85)
(13, 14)
(69, 65)
(98, 38)
(68, 29)
(94, 86)
(77, 1)
(32, 71)
(60, 40)
(13, 44)
(72, 98)
(41, 51)
(46, 35)
(42, 96)
(70, 64)
(12, 86)
(12, 75)
(67, 0)
(12, 96)
(26, 74)
(90, 87)
(71, 80)
(73, 22)
(36, 90)
(11, 83)
(81, 57)
(36, 91)
(51, 77)
(16, 5)
(51, 29)
(54, 20)
(29, 44)
(29, 88)
(29, 58)
(4, 77)
(45, 95)
(21, 96)
(14, 64)
(87, 41)
(39, 86)
(41, 78)
(91, 61)
(13, 80)
(15, 4)
(35, 75)
(79, 64)
(88, 9)
(40, 62)
(67, 50)
(87, 14)
(93, 35)
(60, 11)
(19, 56)
(23, 68)
(9, 68)
(16, 89)
(13, 79)
(53, 40)
(23, 85)
(19, 19)
(61, 51)
(53, 3)
(57, 42)
(38, 94)
(43, 31)
(6, 31)
(46, 29)
(42, 24)
(45, 98)
(23, 88)
(6, 30)
(58, 95)
(59, 73)
(39, 97)
(81, 79)
(26, 71)
(12, 1)
(97, 57)
(1, 15)
(95, 53)
(50, 26)
(19, 2)
(87, 86)
(63, 74)
(3, 98)
(66, 9)
(54, 8)
(54, 39)
(34, 80)
(37, 26)
(49, 61)
(3, 73)
(84, 33)
(6, 64)
(12, 54)
(50, 69)
(100, 97)
(18, 35)
(73, 82)
(20, 2)
(21, 8)
(13, 96)
(69, 15)
(61, 17)
(34, 4)
(42, 43)
(87, 66)
(82, 29)
(79, 46)
(13, 52)
(83, 5)
(74, 53)
(40, 83)
(75, 27)
(81, 85)
(47, 67)
(3, 49)
(53, 69)
(1, 66)
(38, 82)
(19, 43)
(64, 85)
(16, 19)
(76, 37)
(55, 66)
(87, 48)
(64, 66)
(91, 51)
(63, 54)
(28, 38)
(84, 68)
(82, 3)
(1, 6)
(23, 69)
(22, 52)
(14, 70)
(61, 55)
(18, 24)
(23, 42)
(44, 27)
(6, 17)
(64, 41)
(98, 0)
(26, 48)
(74, 2)
(64, 92)
(88, 2)
(79, 0)
(75, 87)
(47, 89)
(77, 94)
(60, 34)
(39, 33)
(91, 15)
(51, 81)
(86, 66)
(100, 3)
(86, 38)
(12, 45)
(24, 4)
(1, 82)
(0, 85)
(13, 70)
(48, 79)
(2, 19)
(87, 64)
(76, 4)
(75, 13)
(27, 24)
(82, 98)
(92, 4)
(47, 57)
(50, 50)
(95, 3)
(38, 90)
(67, 28)
(48, 72)
(40, 45)
(78, 99)
(0, 87)
(3, 32)
(52, 34)
(79, 68)
(17, 77)
(6, 20)
(38, 0)
(58, 73)
(51, 32)
(76, 63)
(5, 29)
(44, 65)
(24, 21)
(88, 29)
(11, 66)
(83, 73)
(90, 52)
(90, 41)
(15, 7)
(4, 93)
(97, 16)
(83, 35)
(92, 80)
(93, 87)
(44, 73)
(92, 43)
(8, 7)
(90, 72)
(25, 78)
(18, 10)
(82, 21)
(100, 6)
(100, 23)
(31, 20)
(34, 58)
(12, 90)
(88, 19)
(80, 2)
(69, 30)
(92, 48)
(82, 76)
(83, 40)
(16, 51)
(5, 51)
(75, 38)
(97, 28)
(58, 70)
(84, 25)
(53, 28)
(71, 98)
(11, 72)
(71, 3)
(20, 65)
(37, 35)
(72, 84)
(60, 85)
(90, 31)
(29, 18)
(28, 85)
(6, 95)
(96, 41)
(99, 24)
(24, 66)
(64, 46)
(11, 81)
(69, 44)
(100, 2)
(32, 1)
(56, 53)
(49, 23)
(12, 23)
(58, 15)
(48, 35)
(15, 48)
(67, 49)
(82, 67)
(59, 22)
(47, 35)
(76, 79)
(24, 40)
(31, 35)
(74, 87)
(7, 57)
(33, 28)
(1, 12)
(63, 43)
(27, 65)
(88, 48)
(81, 21)
(89, 4)
(41, 61)
(50, 90)
(67, 24)
(70, 71)
(82, 69)
(70, 84)
(43, 55)
(74, 78)
(69, 2)
(93, 91)
(70, 74)
(61, 54)
(59, 27)
(52, 68)
(62, 49)
(51, 22)
(23, 19)
(26, 91)
(75, 16)
(83, 97)
(82, 72)
(56, 80)
(51, 46)
(77, 44)
(99, 2)
(54, 92)
(89, 20)
(81, 41)
(60, 86)
(57, 93)
(11, 75)
(17, 100)
(65, 92)
(23, 72)
(75, 81)
(76, 36)
(29, 32)
(83, 38)
(62, 38)
(65, 21)
(9, 3)
(28, 2)
(48, 59)
(22, 31)
(35, 71)
(64, 88)
(45, 5)
(81, 77)
(54, 68)
(70, 89)
(10, 89)
(17, 17)
(84, 47)
(20, 28)
(64, 14)
(64, 4)
(13, 36)
(78, 69)
(53, 87)
(48, 34)
(85, 49)
(40, 47)
(14, 99)
(28, 94)
(64, 33)
(58, 79)
(44, 95)
(26, 75)
(26, 20)
(83, 39)
(87, 16)
(55, 96)
(9, 96)
(0, 24)
(77, 65)
(46, 43)
(69, 25)
(30, 60)
(6, 42)
(24, 8)
(78, 11)
(54, 72)
(81, 20)
(39, 48)
(22, 45)
(1, 14)
(18, 0)
(41, 95)
(59, 45)
(80, 6)
(0, 21)
(51, 0)
(21, 18)
(64, 9)
(18, 69)
(14, 90)
(89, 29)
(85, 29)
(78, 94)
(88, 35)
(87, 12)
(99, 11)
(99, 33)
(30, 87)
(14, 27)
(21, 42)
(86, 56)
(50, 10)
(82, 59)
(21, 37)
(9, 56)
(87, 84)
(10, 82)
(55, 54)
(64, 0)
(97, 74)
(13, 66)
(16, 10)
(92, 10)
(92, 65)
(8, 8)
(96, 91)
(90, 37)
(24, 74)
(62, 14)
(58, 26)
(43, 63)
(50, 7)
(64, 82)
(15, 59)
(65, 62)
(71, 14)
(41, 84)
(100, 26)
(36, 39)
(100, 4)
(78, 63)
(18, 21)
(49, 96)
(37, 2)
(29, 36)
(3, 22)
(95, 99)
(15, 39)
(74, 68)
(61, 93)
(19, 33)
(61, 70)
(5, 91)
(80, 21)
(4, 84)
(25, 9)
(48, 1)
(60, 38)
(60, 19)
(54, 66)
(79, 59)
(80, 51)
(33, 41)
(20, 48)
(47, 78)
(93, 50)
(38, 76)
(48, 51)
(41, 16)
(0, 11)
(27, 100)
(21, 38)
(78, 52)
(7, 50)
(12, 34)
(76, 6)
(18, 34)
(72, 45)
(97, 64)
(77, 87)
(95, 38)
(29, 35)
(30, 50)
(97, 94)
(48, 56)
(66, 48)
(34, 56)
(22, 10)
(80, 11)
(100, 52)
(87, 67)
(26, 61)
(67, 71)
(71, 85)
(91, 89)
(26, 53)
(12, 95)
(39, 28)
(40, 10)
(60, 31)
(9, 72)
(85, 76)
(3, 24)
(58, 61)
(19, 62)
(75, 46)
(77, 3)
(34, 89)
(95, 47)
(24, 97)
(57, 97)
(87, 43)
(5, 32)
(18, 9)
(7, 80)
(28, 99)
(35, 24)
(3, 14)
(76, 67)
(67, 8)
(97, 26)
(41, 41)
(31, 56)
(79, 57)
(28, 31)
(40, 9)
(16, 56)
(26, 56)
(80, 50)
(57, 8)
(5, 8)
(55, 94)
(1, 31)
(2, 15)
(39, 71)
(72, 99)
(38, 95)
(32, 92)
(96, 23)
(33, 22)
(81, 67)
(75, 29)
(7, 5)
(80, 97)
(68, 68)
(76, 20)
(8, 64)
(45, 46)
(35, 99)
(37, 20)
(84, 77)
(80, 74)
(97, 62)
(36, 68)
(7, 39)
(82, 10)
(22, 94)
(17, 15)
(14, 45)
(86, 35)
(29, 13)
(95, 29)
(81, 61)
(1, 96)
(4, 44)
(8, 62)
(0, 31)
(34, 92)
(93, 32)
(44, 49)
(55, 63)
(17, 35)
(71, 57)
(41, 74)
(65, 65)
(100, 71)
(63, 19)
(42, 49)
(46, 79)
(50, 13)
(34, 96)
(38, 60)
(81, 32)
(68, 27)
(56, 28)
(77, 0)
(55, 98)
(31, 78)
(98, 54)
(16, 31)
(42, 58)
(5, 21)
(9, 41)
(2, 84)
(73, 71)
(32, 88)
(18, 61)
(89, 23)
(35, 91)
(9, 74)
(23, 10)
(47, 40)
(52, 53)
(46, 23)
(42, 62)
(48, 45)
(23, 71)
(93, 20)
(63, 18)
(21, 12)
(95, 98)
(96, 82)
(44, 23)
(18, 28)
(86, 74)
(29, 49)
(100, 75)
(47, 55)
(61, 52)
(0, 17)
(5, 35)
(21, 24)
(33, 82)
(4, 56)
(87, 10)
(36, 19)
(38, 3)
(76, 69)
(65, 89)
(100, 81)
(43, 36)
(70, 16)
(70, 24)
(43, 53)
(57, 11)
(89, 22)
(23, 28)
(94, 23)
(5, 68)
(75, 40)
(20, 14)
(43, 95)
(51, 62)
(72, 70)
(49, 85)
(63, 34)
(2, 11)
(25, 73)
(45, 86)
(99, 47)
(40, 66)
(25, 87)
(78, 16)
(60, 10)
(39, 92)
(45, 4)
(21, 13)
(80, 56)
(26, 34)
(82, 7)
(61, 15)
(75, 31)
(98, 78)
(33, 25)
(47, 45)
(70, 93)
(55, 73)
(82, 43)
(31, 41)
(72, 11)
(68, 26)
(29, 63)
(40, 73)
(11, 32)
(21, 39)
(5, 63)
(61, 81)
(39, 21)
(10, 5)
(42, 22)
(7, 35)
(16, 6)
(94, 20)
(17, 84)
(73, 79)
(63, 11)
(35, 100)
(52, 57)
(74, 70)
(68, 2)
(35, 44)
(53, 24)
(16, 20)
(92, 40)
(0, 48)
(39, 42)
(82, 24)
(20, 37)
(74, 46)
(66, 4)
(49, 41)
(10, 86)
(37, 33)
(37, 65)
(1, 77)
(19, 100)
(89, 9)
(60, 77)
(80, 38)
(15, 81)
(13, 68)
(67, 52)
(64, 95)
(61, 100)
(51, 43)
(56, 96)
(9, 11)
(95, 44)
(72, 79)
(48, 19)
(6, 50)
(19, 84)
(48, 91)
(91, 5)
(72, 60)
(45, 34)
(84, 57)
(3, 26)
(45, 83)
(1, 62)
(80, 36)
(55, 60)
(54, 100)
(77, 70)
(48, 76)
(62, 59)
(16, 100)
(0, 29)
(43, 51)
(66, 49)
(92, 93)
(99, 28)
(85, 91)
(29, 91)
(93, 26)
(25, 22)
(31, 43)
(22, 16)
(4, 6)
(35, 27)
(37, 78)
(57, 23)
(53, 45)
(25, 88)
(91, 72)
(83, 81)
(41, 55)
(13, 60)
(25, 5)
(74, 94)
(92, 27)
(10, 70)
(37, 43)
(83, 53)
(89, 56)
(60, 64)
(47, 12)
(74, 60)
(10, 0)
(15, 26)
(60, 26)
(77, 69)
(88, 56)
(18, 20)
(87, 47)
(47, 58)
(46, 59)
(95, 93)
(90, 14)
(23, 81)
(5, 27)
(40, 87)
(44, 62)
(7, 92)
(13, 19)
(3, 65)
(1, 10)
(38, 92)
(41, 23)
(79, 23)
(89, 5)
(73, 96)
(92, 1)
(53, 72)
(33, 14)
(48, 12)
(54, 54)
(32, 23)
(94, 43)
(63, 47)
(65, 83)
(75, 47)
(59, 95)
(17, 50)
(45, 47)
(36, 78)
(48, 7)
(77, 20)
(12, 72)
(100, 5)
(20, 59)
(22, 81)
(6, 32)
(11, 67)
(60, 16)
(80, 42)
(97, 56)
(21, 52)
(31, 22)
(54, 78)
(1, 5)
(40, 12)
(74, 52)
(96, 11)
(19, 91)
(7, 60)
(62, 92)
(94, 36)
(34, 88)
(34, 20)
(24, 2)
(98, 84)
(1, 90)
(20, 20)
(5, 41)
(54, 76)
(3, 29)
(74, 92)
(29, 39)
(64, 57)
(10, 94)
(62, 19)
(6, 68)
(48, 5)
(31, 58)
(24, 85)
(70, 5)
(16, 26)
(27, 86)
(2, 60)
(87, 17)
(64, 24)
(79, 58)
(34, 60)
(71, 11)
(94, 56)
(77, 11)
(88, 34)
(84, 2)
(54, 80)
(84, 64)
(46, 71)
(21, 29)
(96, 57)
(43, 45)
(63, 97)
(14, 3)
(4, 58)
(99, 68)
(23, 17)
(49, 27)
(34, 74)
(37, 87)
(1, 38)
(9, 52)
(86, 37)
(51, 7)
(30, 41)
(18, 82)
(0, 99)
(20, 26)
(79, 28)
(26, 36)
(71, 62)
(28, 41)
(91, 84)
(39, 41)
(21, 84)
(3, 20)
(32, 9)
(18, 31)
(15, 18)
(81, 30)
(32, 64)
(2, 61)
(7, 53)
(18, 99)
(49, 48)
(6, 0)
(21, 78)
(70, 23)
(92, 20)
(93, 19)
(12, 38)
(67, 76)
(71, 54)
(12, 70)
(27, 67)
(36, 85)
(94, 54)
(39, 6)
(0, 10)
(66, 12)
(76, 43)
(17, 36)
(32, 11)
(39, 24)
(24, 52)
(38, 2)
(44, 87)
(83, 78)
(20, 44)
(92, 64)
(85, 47)
(64, 42)
(100, 69)
(89, 98)
(34, 95)
(87, 1)
(70, 54)
(69, 24)
(23, 73)
(33, 95)
(1, 95)
(36, 6)
(9, 28)
(57, 47)
(43, 1)
(30, 97)
(14, 16)
(23, 14)
(6, 24)
(5, 38)
(18, 88)
(26, 35)
(10, 36)
(11, 54)
(50, 4)
(73, 16)
(59, 20)
(52, 90)
(70, 85)
(65, 9)
(32, 24)
(48, 16)
(49, 49)
(28, 67)
(15, 36)
(49, 9)
(79, 19)
(79, 100)
(70, 76)
(58, 1)
(71, 33)
(98, 88)
(15, 51)
(45, 16)
(65, 69)
(12, 88)
(23, 33)
(14, 59)
(2, 65)
(51, 60)
(85, 78)
(17, 73)
(97, 22)
(2, 6)
(81, 82)
(15, 73)
(48, 10)
(45, 80)
(58, 36)
(13, 53)
(5, 66)
(14, 80)
(14, 8)
(80, 17)
(56, 18)
(27, 17)
(70, 56)
(91, 57)
(100, 9)
(13, 82)
(14, 44)
(78, 22)
(61, 95)
(42, 86)
(35, 19)
(47, 9)
(32, 27)
(46, 9)
(34, 0)
(66, 40)
(69, 71)
(15, 90)
(63, 12)
(79, 51)
(80, 14)
(83, 71)
(86, 34)
(63, 49)
(76, 15)
(33, 21)
(11, 63)
(90, 21)
(52, 81)
(5, 65)
(79, 48)
(85, 63)
(60, 73)
(69, 14)
(70, 45)
(97, 27)
(48, 42)
(30, 98)
(70, 4)
(12, 25)
(67, 82)
(22, 66)
(18, 80)
(32, 99)
(31, 15)
(79, 95)
(17, 91)
(87, 7)
(90, 85)
(2, 98)
(0, 94)
(9, 75)
(87, 51)
(40, 2)
(16, 95)
(60, 76)
(67, 6)
(92, 73)
(45, 78)
(17, 22)
(84, 88)
(61, 35)
(28, 61)
(86, 90)
(76, 71)
(2, 29)
(51, 90)
(15, 97)
(67, 10)
(23, 27)
(87, 4)
(73, 45)
(77, 19)
(53, 29)
(57, 16)
(27, 89)
(78, 28)
(96, 3)
(53, 2)
(99, 35)
(83, 92)
(85, 88)
(45, 62)
(51, 10)
(43, 64)
(4, 35)
(59, 36)
(39, 34)
(82, 25)
(18, 76)
(94, 39)
(95, 80)
(46, 57)
(7, 2)
(19, 35)
(93, 36)
(35, 56)
(70, 100)
(50, 65)
(58, 41)
(42, 23)
(17, 4)
(31, 9)
(52, 43)
(27, 16)
(40, 57)
(27, 88)
(80, 89)
(9, 64)
(33, 91)
(51, 89)
(49, 77)
(62, 65)
(80, 45)
(14, 18)
(38, 29)
(33, 94)
(95, 0)
(25, 57)
(73, 97)
(6, 43)
(74, 33)
(100, 0)
(3, 82)
(17, 61)
(38, 93)
(36, 60)
(72, 52)
(11, 87)
(61, 53)
(75, 77)
(27, 47)
(94, 76)
(33, 3)
(58, 91)
(10, 35)
(11, 93)
(70, 46)
(66, 98)
(54, 60)
(20, 52)
(24, 20)
(96, 50)
(88, 11)
(71, 26)
(43, 10)
(51, 37)
(54, 67)
(24, 59)
(52, 54)
(49, 72)
(43, 70)
(46, 84)
(44, 3)
(64, 54)
(49, 30)
(75, 93)
(35, 61)
(47, 93)
(38, 91)
(46, 36)
(87, 21)
(72, 4)
(35, 33)
(13, 67)
(65, 26)
(35, 86)
(19, 14)
(26, 68)
(84, 87)
(68, 22)
(44, 34)
(66, 42)
(26, 22)
(22, 33)
(7, 33)
(59, 39)
(21, 4)
(67, 32)
(24, 67)
(16, 48)
(95, 86)
(90, 88)
(22, 15)
(91, 62)
(96, 53)
(85, 56)
(95, 67)
(16, 7)
(18, 96)
(26, 30)
(25, 94)
(18, 70)
(66, 55)
(93, 96)
(93, 49)
(16, 13)
(3, 75)
(75, 78)
(68, 4)
(53, 79)
(48, 86)
(41, 22)
(0, 67)
(14, 30)
(74, 93)
(78, 87)
(83, 16)
(65, 42)
(15, 53)
(97, 17)
(13, 71)
(91, 86)
(12, 5)
(23, 70)
(68, 1)
(28, 58)
(87, 57)
(97, 25)
(58, 60)
(51, 75)
(85, 22)
(86, 29)
(67, 88)
(84, 45)
(35, 70)
(79, 21)
(48, 15)
(48, 88)
(33, 80)
(96, 24)
(48, 27)
(75, 66)
(20, 42)
(0, 7)
(91, 93)
(83, 43)
(38, 24)
(78, 32)
(50, 55)
(37, 34)
(42, 61)
(49, 69)
(73, 11)
(1, 85)
(76, 88)
(15, 52)
(90, 56)
(8, 37)
(99, 42)
(82, 89)
(39, 23)
(56, 2)
(3, 68)
(60, 83)
(90, 39)
(89, 47)
(42, 19)
(53, 12)
(5, 30)
(88, 10)
(22, 67)
(70, 48)
(83, 47)
(90, 71)
(81, 34)
(6, 49)
(67, 19)
(49, 78)
(79, 47)
(84, 35)
(31, 30)
(19, 32)
(74, 22)
(12, 30)
(21, 64)
(57, 56)
(3, 77)
(83, 100)
(18, 62)
(64, 80)
(45, 25)
(86, 17)
(32, 86)
(54, 1)
(72, 83)
(27, 69)
(83, 11)
(30, 15)
(37, 5)
(13, 34)
(8, 69)
(56, 100)
(53, 85)
(56, 74)
(45, 85)
(10, 33)
(53, 37)
(35, 46)
(49, 46)
(42, 76)
(97, 87)
(72, 92)
(70, 44)
(17, 93)
(94, 100)
(100, 28)
(93, 42)
(61, 43)
(84, 46)
(74, 11)
(25, 92)
(35, 2)
(31, 4)
(65, 8)
(0, 50)
(61, 18)
(86, 21)
(4, 91)
(99, 67)
(100, 19)
(0, 16)
(50, 93)
(60, 48)
(12, 13)
(92, 91)
(87, 49)
(75, 62)
(71, 99)
(95, 88)
(16, 99)
(90, 77)
(39, 60)
(84, 11)
(67, 7)
(54, 31)
(78, 92)
(96, 77)
(51, 98)
(82, 12)
(51, 15)
(94, 46)
(43, 19)
(48, 46)
(24, 25)
(94, 17)
(36, 88)
(19, 44)
(26, 59)
(6, 69)
(91, 20)
(21, 49)
(90, 30)
(99, 26)
(32, 4)
(3, 18)
(64, 34)
(39, 77)
(11, 58)
(58, 77)
(69, 34)
(63, 95)
(98, 26)
(5, 53)
(16, 45)
(71, 7)
(97, 21)
(40, 67)
(43, 81)
(40, 98)
(15, 85)
(80, 71)
(74, 58)
(72, 96)
(22, 20)
(45, 48)
(17, 68)
(83, 25)
(100, 50)
(13, 92)
(39, 22)
(29, 56)
(31, 62)
(77, 13)
(13, 85)
(49, 64)
(54, 83)
(35, 23)
(34, 8)
(71, 46)
(47, 85)
(65, 2)
(30, 95)
(82, 47)
(40, 13)
(52, 36)
(98, 43)
(52, 86)
(52, 76)
(27, 39)
(65, 46)
(86, 69)
(52, 42)
(95, 75)
(61, 38)
(80, 64)
(8, 95)
(65, 17)
(98, 41)
(92, 33)
(19, 76)
(23, 38)
(97, 78)
(39, 73)
(18, 78)
(83, 13)
(63, 16)
(34, 15)
(43, 78)
(73, 3)
(47, 33)
(60, 39)
(76, 22)
(6, 87)
(60, 60)
(14, 36)
(45, 44)
(85, 6)
(35, 17)
(87, 46)
(61, 89)
(53, 88)
(13, 83)
(74, 76)
(73, 57)
(84, 51)
(66, 18)
(21, 15)
(42, 97)
(43, 84)
(83, 59)
(79, 83)
(54, 56)
(94, 92)
(44, 42)
(24, 35)
(56, 21)
(67, 43)
(8, 33)
(19, 98)
(69, 90)
(96, 75)
(9, 35)
(48, 87)
(81, 65)
(10, 63)
(45, 2)
(26, 84)
(16, 87)
(58, 16)
(47, 47)
(98, 82)
(87, 50)
(57, 83)
(73, 18)
(0, 70)
(0, 58)
(55, 43)
(48, 75)
(100, 11)
(6, 55)
(40, 44)
(34, 67)
(5, 31)
(66, 63)
(84, 93)
(77, 35)
(83, 50)
(52, 56)
(49, 40)
(48, 38)
(35, 35)
(74, 13)
(0, 39)
(37, 28)
(46, 0)
(74, 71)
(5, 67)
(29, 50)
(86, 95)
(81, 84)
(69, 63)
(23, 32)
(48, 33)
(77, 77)
(39, 46)
(42, 71)
(5, 6)
(52, 24)
(35, 31)
(8, 72)
(4, 88)
(32, 54)
(7, 25)
(83, 33)
(68, 47)
(48, 21)
(61, 44)
(17, 90)
(72, 10)
(63, 69)
(19, 63)
(100, 55)
(11, 74)
(51, 4)
(51, 65)
(85, 50)
(20, 11)
(21, 67)
(23, 56)
(2, 9)
(43, 0)
(71, 68)
(67, 36)
(10, 58)
(47, 90)
(26, 94)
(33, 36)
(84, 96)
(34, 51)
(19, 54)
(88, 50)
(38, 74)
(19, 30)
(96, 7)
(46, 64)
(81, 70)
(7, 12)
(31, 89)
(92, 32)
(69, 57)
(2, 37)
(54, 48)
(91, 31)
(3, 94)
(82, 66)
(8, 9)
(26, 24)
(81, 2)
(14, 65)
(82, 68)
(81, 78)
(7, 24)
(11, 39)
(62, 67)
(70, 11)
(79, 91)
(71, 91)
(59, 61)
(71, 2)
(78, 26)
(50, 59)
(7, 8)
(52, 71)
(17, 16)
(80, 33)
(27, 70)
(80, 49)
(85, 25)
(11, 28)
(37, 6)
(1, 76)
(78, 91)
(23, 61)
(24, 38)
(99, 83)
(81, 53)
(9, 29)
(56, 87)
(45, 72)
(66, 28)
(54, 16)
(91, 76)
(30, 18)
(3, 79)
(29, 73)
(48, 14)
(61, 24)
(94, 28)
(54, 69)
(16, 94)
(66, 75)
(40, 60)
(81, 25)
(44, 96)
(18, 86)
(93, 100)
(18, 43)
(86, 24)
(19, 45)
(96, 51)
(58, 39)
(79, 86)
(52, 60)
(95, 36)
(68, 90)
(21, 7)
(29, 57)
(88, 1)
(21, 16)
(28, 6)
(88, 31)
(5, 73)
(41, 69)
(9, 98)
(13, 35)
(71, 78)
(12, 52)
(2, 44)
(88, 45)
(32, 44)
(61, 16)
(4, 53)
(84, 17)
(56, 17)
(60, 1)
(24, 28)
(75, 71)
(87, 9)
(19, 90)
(11, 98)
(93, 31)
(77, 18)
(40, 28)
(37, 9)
(6, 16)
(73, 37)
(22, 75)
(41, 31)
(46, 31)
(55, 28)
(56, 4)
(67, 55)
(67, 61)
(54, 50)
(76, 93)
(81, 73)
(72, 7)
(89, 37)
(58, 57)
(56, 42)
(46, 34)
(98, 11)
(87, 92)
(35, 41)
(73, 51)
(94, 37)
(74, 4)
(69, 98)
(79, 34)
(66, 41)
(54, 28)
(76, 60)
(78, 72)
(59, 35)
(72, 94)
(86, 6)
(5, 88)
(17, 8)
(82, 79)
(24, 42)
(83, 14)
(90, 23)
(92, 94)
(33, 84)
(98, 61)
(3, 69)
(48, 8)
(38, 56)
(5, 89)
(82, 93)
(48, 17)
(10, 90)
(38, 67)
(79, 72)
(50, 23)
(2, 52)
(26, 51)
(88, 7)
(52, 21)
(33, 4)
(61, 82)
(89, 32)
(84, 70)
(69, 0)
(49, 59)
(50, 53)
(32, 76)
(59, 56)
(38, 62)
(92, 34)
(56, 97)
(52, 62)
(16, 91)
(83, 48)
(18, 67)
(28, 80)
(12, 62)
(92, 5)
(82, 65)
(35, 73)
(21, 19)
(20, 68)
(38, 44)
(86, 86)
(87, 94)
(88, 98)
(24, 24)
(26, 9)
(28, 100)
(36, 100)
(97, 98)
(79, 65)
(30, 81)
(8, 73)
(51, 63)
(79, 53)
(39, 63)
(83, 63)
(51, 13)
(60, 75)
(78, 19)
(8, 5)
(90, 46)
(55, 93)
(91, 43)
(79, 41)
(6, 54)
(13, 33)
(80, 24)
(43, 2)
(14, 84)
(85, 61)
(11, 46)
(75, 20)
(53, 31)
(96, 69)
(28, 8)
(6, 38)
(27, 80)
(52, 61)
(31, 7)
(28, 76)
(34, 70)
(54, 81)
(25, 3)
(6, 46)
(14, 88)
(14, 68)
(46, 86)
(60, 22)
(3, 33)
(57, 2)
(63, 40)
(85, 95)
(33, 88)
(95, 14)
(71, 49)
(41, 44)
(58, 21)
(64, 84)
(64, 100)
(68, 59)
(67, 46)
(52, 3)
(21, 60)
(72, 18)
(55, 8)
(80, 13)
(77, 41)
(88, 89)
(67, 63)
(64, 2)
(60, 35)
(71, 37)
(89, 1)
(10, 38)
(14, 58)
(44, 2)
(17, 11)
(78, 61)
(30, 79)
(35, 29)
(89, 81)
(92, 47)
(13, 9)
(47, 24)
(67, 68)
(13, 84)
(9, 87)
(23, 29)
(24, 86)
(48, 48)
(12, 97)
(53, 62)
(59, 77)
(30, 30)
(93, 56)
(29, 11)
(40, 74)
(17, 19)
(2, 40)
(19, 69)
(74, 72)
(9, 79)
(63, 37)
(84, 22)
(23, 34)
(62, 4)
(9, 34)
(85, 30)
(81, 13)
(37, 71)
(50, 73)
(100, 86)
(38, 59)
(31, 46)
(32, 52)
(99, 84)
(15, 65)
(78, 8)
(25, 48)
(15, 75)
(26, 46)
(21, 26)
(51, 86)
(19, 55)
(73, 54)
(35, 57)
(46, 22)
(32, 41)
(24, 53)
(72, 59)
(85, 46)
(10, 55)
(75, 37)
(9, 1)
(81, 90)
(82, 60)
(49, 47)
(61, 92)
(91, 12)
(68, 36)
(47, 32)
(30, 72)
(21, 79)
(52, 15)
(35, 0)
(24, 27)
(69, 35)
(54, 98)
(34, 39)
(77, 14)
(67, 33)
(48, 70)
(57, 75)
(97, 33)
(54, 6)
(15, 12)
(73, 55)
(31, 6)
(25, 43)
(29, 99)
(37, 97)
(67, 65)
(82, 50)
(2, 24)
(88, 3)
(76, 18)
(17, 81)
(39, 56)
(69, 51)
(79, 85)
(72, 42)
(72, 97)
(40, 61)
(3, 86)
(44, 39)
(87, 11)
(10, 2)
(57, 43)
(69, 7)
(64, 83)
(45, 22)
(63, 42)
(17, 23)
(91, 50)
(50, 96)
(6, 26)
(73, 62)
(80, 0)
(49, 28)
(52, 85)
(38, 72)
(96, 95)
(85, 81)
(46, 10)
(43, 88)
(51, 24)
(43, 91)
(38, 53)
(65, 40)
(11, 90)
(49, 37)
(99, 5)
(53, 14)
(19, 82)
(31, 79)
(3, 9)
(26, 52)
(78, 75)
(42, 48)
(1, 9)
(81, 37)
(20, 24)
(37, 53)
(76, 70)
(53, 11)
(51, 9)
(30, 9)
(89, 78)
(92, 71)
(69, 66)
(50, 60)
(68, 66)
(20, 95)
(87, 59)
(65, 61)
(95, 60)
(88, 47)
(3, 8)
(52, 97)
(2, 28)
(78, 5)
(44, 66)
(64, 50)
(35, 37)
(24, 80)
(38, 48)
(14, 55)
(6, 53)
(40, 20)
(34, 90)
(5, 64)
(85, 70)
(81, 76)
(7, 10)
(31, 31)
(50, 37)
(44, 31)
(89, 41)
(99, 54)
(88, 84)
(32, 18)
(91, 80)
(87, 32)
(61, 41)
(75, 17)
(3, 36)
(18, 44)
(72, 56)
(75, 10)
(87, 39)
(0, 82)
(44, 30)
(26, 55)
(76, 57)
(73, 29)
(53, 9)
(99, 70)
(37, 74)
(5, 13)
(65, 13)
(60, 63)
(46, 47)
(19, 95)
(14, 7)
(95, 21)
(24, 26)
(53, 98)
(39, 100)
(7, 9)
(57, 37)
(36, 55)
(52, 5)
(49, 6)
(1, 92)
(96, 13)
(67, 11)
(65, 20)
(77, 72)
(62, 7)
(94, 91)
(44, 50)
(89, 68)
(0, 60)
(4, 3)
(67, 5)
(100, 42)
(37, 58)
(52, 38)
(99, 53)
(2, 58)
(27, 60)
(30, 74)
(99, 21)
(40, 50)
(30, 46)
(90, 20)
(33, 65)
(68, 40)
(95, 61)
(45, 68)
(40, 41)
(51, 12)
(49, 7)
(17, 32)
(73, 27)
(64, 91)
(64, 45)
(65, 87)
(49, 39)
(55, 88)
(18, 1)
(92, 39)
(85, 3)
(40, 11)
(13, 59)
(27, 52)
(66, 56)
(64, 30)
(34, 27)
(7, 22)
(39, 11)
(73, 80)
(19, 9)
(30, 91)
(79, 9)
(93, 64)
(37, 7)
(61, 83)
(72, 13)
(95, 85)
(73, 32)
(100, 40)
(8, 0)
(98, 2)
(91, 90)
(63, 71)
(55, 35)
(62, 44)
(31, 49)
(24, 62)
(3, 51)
(68, 15)
(10, 43)
(73, 30)
(41, 54)
(83, 83)
(37, 61)
(53, 60)
(29, 60)
(51, 20)
(55, 29)
(61, 78)
(6, 100)
(81, 24)
(78, 33)
(44, 53)
(85, 34)
(19, 93)
(17, 24)
(31, 67)
(59, 60)
(75, 25)
(58, 8)
(73, 72)
(65, 4)
(51, 38)
(48, 83)
(55, 2)
(8, 80)
(93, 77)
(31, 8)
(77, 66)
(27, 54)
(20, 74)
(52, 92)
(65, 50)
(1, 93)
(1, 73)
(2, 3)
(0, 34)
(30, 64)
(98, 50)
(14, 71)
(11, 15)
(3, 62)
(17, 86)
(97, 66)
(83, 54)
(77, 12)
(17, 9)
(40, 27)
(61, 1)
(93, 90)
(63, 87)
(60, 9)
(19, 3)
(25, 56)
(51, 50)
(20, 56)
(22, 64)
(27, 58)
(41, 26)
(88, 87)
(95, 27)
(74, 63)
(87, 29)
(88, 100)
(67, 2)
(91, 69)
(31, 19)
(45, 27)
(96, 46)
(91, 0)
(83, 67)
(81, 35)
(17, 39)
(96, 25)
(76, 35)
(35, 7)
(47, 44)
(43, 18)
(3, 6)
(70, 63)
(83, 19)
(72, 49)
(9, 94)
(89, 52)
(84, 16)
(2, 33)
(59, 0)
(0, 20)
(94, 52)
(38, 98)
(72, 2)
(70, 60)
(45, 55)
(46, 70)
(89, 13)
(72, 47)
(64, 37)
(18, 40)
(100, 100)
(96, 5)
(3, 35)
(95, 58)
(70, 43)
(40, 25)
(67, 80)
(79, 20)
(29, 29)
(37, 15)
(57, 88)
(41, 92)
(90, 58)
(62, 84)
(76, 91)
(26, 28)
(63, 94)
(64, 43)
(4, 11)
(13, 42)
(38, 63)
(38, 84)
(77, 51)
(96, 40)
(14, 66)
(53, 26)
(16, 12)
(70, 38)
(53, 81)
(66, 45)
(86, 22)
(3, 85)
(48, 95)
(7, 28)
(51, 27)
(28, 13)
(36, 3)
(25, 52)
(9, 7)
(78, 34)
(30, 62)
(67, 34)
(87, 77)
(33, 87)
(49, 76)
(36, 67)
(60, 42)
(56, 9)
(92, 18)
(46, 2)
(89, 3)
(57, 69)
(82, 90)
(33, 16)
(96, 63)
(12, 26)
(30, 3)
(2, 93)
(84, 28)
(35, 38)
(8, 35)
(71, 65)
(83, 88)
(61, 28)
(26, 78)
(30, 1)
(78, 81)
(30, 40)
(94, 14)
(15, 71)
(91, 4)
(75, 45)
(12, 65)
(53, 99)
(99, 97)
(72, 88)
(55, 50)
(4, 36)
(45, 41)
(83, 3)
(75, 48)
(66, 15)
(48, 71)
(42, 10)
(71, 22)
(42, 59)
(98, 18)
(61, 74)
(63, 77)
(16, 32)
(28, 28)
(43, 65)
(74, 36)
(44, 32)
(18, 91)
(30, 31)
(44, 68)
(20, 21)
(47, 71)
(79, 1)
(71, 60)
(50, 29)
(66, 87)
(92, 29)
(48, 58)
(87, 97)
(70, 13)
(32, 82)
(45, 64)
(55, 61)
(50, 84)
(47, 15)
(82, 8)
(10, 66)
(28, 79)
(31, 81)
(5, 2)
(2, 10)
(44, 100)
(4, 23)
(66, 29)
(97, 88)
(58, 3)
(45, 28)
(64, 73)
(49, 94)
(71, 15)
(58, 89)
(69, 40)
(46, 19)
(10, 18)
(84, 53)
(77, 23)
(95, 77)
(39, 2)
(33, 58)
(34, 50)
(45, 66)
(25, 54)
(50, 91)
(28, 96)
(84, 67)
(77, 56)
(4, 24)
(72, 6)
(53, 49)
(54, 9)
(13, 28)
(26, 0)
(21, 44)
(63, 81)
(66, 22)
(84, 82)
(83, 77)
(88, 71)
(8, 40)
(20, 1)
(34, 61)
(17, 44)
(60, 72)
(43, 93)
(16, 27)
(79, 99)
(88, 49)
(4, 8)
(4, 20)
(35, 59)
(25, 98)
(45, 53)
(35, 85)
(3, 4)
(44, 67)
(20, 32)
(1, 99)
(1, 64)
(3, 88)
(67, 41)
(95, 69)
(1, 25)
(75, 92)
(4, 78)
(77, 4)
(46, 11)
(80, 3)
(100, 88)
(7, 81)
(80, 75)
(74, 10)
(65, 33)
(99, 46)
(48, 37)
(65, 91)
(72, 37)
(2, 45)
(47, 79)
(54, 11)
(45, 50)
(19, 17)
(38, 61)
(27, 30)
(68, 88)
(50, 56)
(9, 17)
(6, 40)
(86, 65)
(62, 71)
(20, 72)
(89, 0)
(72, 68)
(55, 67)
(11, 60)
(72, 78)
(10, 59)
(68, 25)
(7, 93)
(78, 38)
(71, 52)
(33, 2)
(70, 51)
(41, 47)
(92, 87)
(20, 51)
(2, 18)
(0, 44)
(75, 14)
(1, 78)
(22, 40)
(64, 58)
(34, 18)
(90, 99)
(43, 8)
(87, 93)
(69, 27)
(1, 75)
(52, 7)
(90, 97)
(86, 9)
(74, 84)
(10, 17)
(78, 25)
(10, 67)
(75, 12)
(31, 21)
(9, 65)
(79, 97)
(21, 50)
(71, 59)
(16, 71)
(42, 3)
(18, 29)
(10, 74)
(67, 38)
(8, 96)
(71, 28)
(35, 67)
(29, 25)
(67, 94)
(73, 23)
(21, 1)
(98, 53)
(77, 47)
(4, 39)
(75, 41)
(98, 24)
(52, 77)
(46, 85)
(24, 6)
(23, 86)
(26, 85)
(14, 29)
(44, 24)
(57, 86)
(43, 44)
(63, 92)
(72, 23)
(56, 7)
(88, 97)
(80, 79)
(22, 53)
(88, 22)
(4, 38)
(83, 85)
(36, 45)
(47, 94)
(70, 49)
(20, 7)
(46, 77)
(16, 37)
(53, 54)
(95, 97)
(97, 86)
(32, 67)
(92, 90)
(90, 57)
(67, 9)
(12, 55)
(47, 52)
(80, 63)
(15, 66)
(59, 34)
(81, 86)
(51, 97)
(37, 64)
(84, 36)
(82, 44)
(99, 50)
(69, 8)
(25, 29)
(46, 14)
(45, 23)
(7, 76)
(1, 63)
(76, 94)
(80, 12)
(48, 39)
(17, 46)
(29, 27)
(84, 7)
(94, 5)
(71, 44)
(12, 58)
(13, 18)
(26, 10)
(95, 94)
(2, 83)
(71, 58)
(74, 64)
(80, 81)
(77, 67)
(5, 12)
(69, 32)
(56, 99)
(0, 62)
(47, 38)
(59, 65)
(93, 39)
(29, 30)
(56, 85)
(22, 19)
(70, 77)
(85, 67)
(57, 91)
(94, 32)
(53, 39)
(51, 92)
(79, 22)
(92, 75)
(48, 60)
(22, 70)
(50, 47)
(75, 5)
(17, 2)
(8, 49)
(57, 72)
(18, 73)
(83, 69)
(57, 35)
(15, 2)
(36, 1)
(40, 72)
(98, 94)
(89, 15)
(47, 31)
(56, 29)
(87, 36)
(96, 0)
(10, 53)
(59, 7)
(48, 28)
(75, 99)
(91, 8)
(79, 78)
(85, 86)
(11, 71)
(78, 56)
(57, 62)
(8, 21)
(14, 1)
(56, 36)
(59, 54)
(66, 60)
(37, 24)
(94, 45)
(20, 41)
(56, 52)
(18, 16)
(6, 29)
(87, 63)
(85, 92)
(70, 66)
(54, 85)
(99, 44)
(64, 77)
(35, 68)
(19, 61)
(55, 10)
(81, 9)
(22, 65)
(49, 95)
(2, 7)
(77, 15)
(10, 96)
(61, 23)
(33, 86)
(11, 80)
(41, 48)
(31, 32)
(52, 73)
(7, 54)
(29, 48)
(90, 26)
(63, 24)
(33, 62)
(8, 11)
(79, 18)
(97, 4)
(72, 85)
(61, 5)
(90, 62)
(8, 27)
(47, 86)
(46, 65)
(44, 89)
(6, 62)
(39, 61)
(26, 25)
(66, 74)
(15, 34)
(54, 99)
(97, 68)
(76, 90)
(70, 20)
(8, 20)
(13, 99)
(30, 29)
(61, 12)
(23, 62)
(88, 37)
(94, 22)
(43, 94)
(49, 32)
(37, 47)
(7, 14)
(54, 96)
(22, 99)
(86, 15)
(75, 1)
(41, 12)
(85, 14)
(82, 91)
(93, 14)
(38, 33)
(85, 41)
(59, 83)
(75, 98)
(75, 61)
(45, 17)
(65, 56)
(37, 73)
(42, 95)
(19, 53)
(33, 26)
(1, 83)
(21, 6)
(15, 88)
(18, 66)
(66, 82)
(67, 86)
(8, 45)
(47, 82)
(19, 27)
(58, 43)
(10, 48)
(53, 95)
(74, 50)
(55, 79)
(0, 56)
(27, 18)
(81, 64)
(10, 22)
(85, 10)
(24, 78)
(56, 82)
(56, 37)
(2, 23)
(97, 48)
(41, 5)
(77, 75)
(3, 0)
(52, 51)
(18, 48)
(84, 100)
(7, 79)
(58, 6)
(31, 98)
(49, 25)
(63, 75)
(89, 50)
(91, 42)
(41, 28)
(70, 39)
(84, 84)
(34, 33)
(93, 84)
(57, 13)
(23, 24)
(1, 68)
(24, 16)
(50, 14)
(71, 13)
(9, 27)
(81, 94)
(1, 17)
(25, 7)
(23, 37)
(21, 80)
(36, 8)
(43, 96)
(12, 59)
(60, 0)
(58, 33)
(34, 12)
(25, 11)
(97, 50)
(91, 16)
(41, 65)
(44, 10)
(1, 65)
(33, 71)
(56, 20)
(79, 88)
(77, 100)
(13, 43)
(69, 83)
(48, 9)
(61, 77)
(3, 70)
(57, 58)
(0, 83)
(1, 52)
(13, 62)
(70, 21)
(4, 74)
(2, 30)
(28, 42)
(65, 94)
(29, 54)
(4, 65)
(94, 64)
(43, 23)
(33, 33)
(46, 46)
(52, 72)
(97, 32)
(86, 71)
(90, 51)
(11, 7)
(61, 34)
(57, 21)
(66, 16)
(15, 63)
(92, 58)
(96, 88)
(43, 87)
(95, 4)
(54, 71)
(89, 61)
(25, 0)
(94, 78)
(39, 91)
(25, 23)
(47, 88)
(51, 66)
(89, 16)
(35, 87)
(64, 7)
(61, 40)
(42, 16)
(68, 23)
(70, 83)
(77, 57)
(28, 82)
(40, 70)
(71, 100)
(4, 30)
(83, 34)
(47, 80)
(63, 20)
(32, 66)
(60, 14)
(5, 25)
(13, 89)
(66, 50)
(55, 15)
(45, 15)
(22, 48)
(7, 47)
(74, 49)
(72, 33)
(77, 29)
(81, 68)
(40, 38)
(14, 50)
(90, 84)
(87, 13)
(38, 34)
(9, 70)
(65, 88)
(77, 34)
(2, 0)
(99, 20)
(32, 81)
(26, 81)
(23, 6)
(7, 95)
(21, 14)
(89, 51)
(17, 85)
(7, 99)
(7, 65)
(54, 19)
(85, 38)
(37, 90)
(8, 34)
(75, 68)
(95, 56)
(82, 9)
(50, 40)
(38, 16)
(61, 60)
(68, 12)
(72, 80)
(71, 5)
(47, 20)
(98, 29)
(12, 17)
(1, 88)
(94, 3)
(16, 93)
(42, 94)
(46, 32)
(8, 26)
(69, 92)
(87, 56)
(89, 14)
(7, 51)
(87, 65)
(62, 69)
(64, 70)
(34, 9)
(64, 74)
(80, 68)
(81, 63)
(21, 53)
(78, 20)
(75, 35)
(34, 78)
(23, 43)
(48, 3)
(56, 12)
(90, 36)
(9, 57)
(56, 76)
(48, 74)
(82, 64)
(74, 42)
(28, 77)
(90, 22)
(60, 44)
(90, 38)
(23, 84)
(16, 42)
(51, 41)
(97, 9)
(56, 48)
(98, 56)
(48, 77)
(91, 22)
(19, 0)
(66, 100)
(14, 74)
(35, 18)
(59, 16)
(42, 41)
(11, 38)
(90, 70)
(32, 43)
(34, 26)
(82, 84)
(56, 5)
(62, 31)
(91, 47)
(17, 29)
(3, 90)
(94, 79)
(59, 66)
(6, 84)
(75, 64)
(34, 54)
(93, 99)
(50, 25)
(55, 7)
(18, 14)
(31, 29)
(64, 6)
(9, 4)
(53, 65)
(50, 77)
(49, 18)
(52, 0)
(54, 3)
(11, 23)
(26, 38)
(26, 62)
(55, 99)
(11, 68)
(46, 21)
(65, 14)
(85, 87)
(92, 74)
(72, 43)
(3, 48)
(47, 39)
(49, 14)
(69, 81)
(89, 97)
(78, 54)
(100, 72)
(28, 27)
(93, 27)
(20, 47)
(0, 23)
(31, 94)
(14, 4)
(75, 60)
(38, 43)
(90, 63)
(18, 13)
(28, 34)
(96, 22)
(0, 6)
(0, 95)
(33, 53)
(76, 13)
(27, 77)
(87, 80)
(37, 48)
(37, 66)
(90, 32)
(15, 41)
(14, 89)
(67, 74)
(39, 82)
(63, 58)
(10, 19)
(73, 77)
(29, 6)
(99, 55)
(28, 14)
(86, 82)
(6, 15)
(12, 12)
(40, 0)
(32, 84)
(97, 20)
(7, 61)
(18, 26)
(59, 51)
(52, 88)
(41, 68)
(50, 44)
(28, 88)
(26, 49)
(79, 62)
(27, 31)
(93, 92)
(50, 80)
(12, 41)
(8, 24)
(92, 31)
(8, 85)
(82, 4)
(55, 22)
(99, 15)
(58, 5)
(73, 15)
(86, 12)
(14, 85)
(71, 51)
(48, 65)
(26, 7)
(51, 100)
(6, 12)
(9, 12)
(3, 19)
(98, 42)
(31, 16)
(38, 77)
(38, 5)
(10, 78)
(6, 51)
(46, 33)
(33, 83)
(7, 1)
(38, 87)
(60, 95)
(32, 63)
(47, 36)
(89, 72)
(68, 64)
(80, 25)
(8, 63)
(64, 49)
(64, 61)
(24, 98)
(59, 17)
(95, 48)
(0, 42)
(68, 96)
(7, 29)
(24, 88)
(20, 31)
(86, 57)
(17, 38)
(96, 43)
(5, 39)
(33, 99)
(33, 29)
(38, 7)
(84, 86)
(14, 11)
(49, 73)
(50, 27)
(83, 30)
(65, 36)
(48, 43)
(95, 7)
(43, 58)
(87, 2)
(9, 2)
(45, 75)
(81, 72)
(77, 99)
(81, 55)
(27, 48)
(78, 31)
(7, 78)
(75, 58)
(73, 36)
(54, 70)
(66, 65)
(19, 6)
(0, 88)
(97, 91)
(46, 39)
(4, 48)
(58, 64)
(58, 54)
(55, 26)
(16, 16)
(80, 57)
(45, 57)
(23, 51)
(3, 3)
(88, 70)
(9, 93)
(69, 41)
(3, 96)
(8, 31)
(65, 57)
(31, 91)
(100, 98)
(16, 4)
(97, 3)
(94, 49)
(27, 44)
(11, 99)
(73, 43)
(56, 73)
(32, 47)
(27, 34)
(19, 81)
(29, 80)
(25, 2)
(92, 30)
(61, 14)
(90, 42)
(97, 40)
(73, 31)
(90, 80)
(82, 63)
(77, 5)
(12, 19)
(57, 95)
(66, 62)
(64, 5)
(60, 30)
(12, 79)
(80, 15)
(87, 37)
(31, 1)
(80, 78)
(90, 18)
(48, 20)
(16, 76)
(11, 31)
(37, 88)
(86, 80)
(61, 19)
(95, 84)
(12, 61)
(28, 33)
(9, 23)
(31, 0)
(10, 25)
(19, 23)
(54, 57)
(96, 8)
(92, 2)
(5, 9)
(85, 69)
(26, 80)
(41, 45)
(65, 51)
(12, 22)
(94, 0)
(15, 5)
(85, 18)
(62, 79)
(67, 40)
(66, 73)
(40, 58)
(66, 7)
(97, 65)
(51, 36)
(87, 54)
(55, 39)
(28, 25)
(46, 69)
(33, 50)
(52, 16)
(62, 95)
(38, 68)
(45, 49)
(71, 42)
(57, 45)
(79, 76)
(45, 76)
(17, 54)
(5, 4)
(47, 8)
(89, 6)
(6, 98)
(68, 3)
(83, 62)
(39, 4)
(74, 26)
(62, 62)
(36, 27)
(71, 45)
(64, 56)
(11, 89)
(11, 76)
(92, 26)
(20, 69)
(19, 51)
(97, 39)
(19, 13)
(29, 72)
(85, 45)
(37, 77)
(6, 76)
(89, 10)
(93, 95)
(42, 92)
(43, 80)
(76, 87)
(39, 44)
(68, 63)
(83, 8)
(25, 14)
(1, 51)
(62, 39)
(60, 18)
(2, 89)
(58, 24)
(99, 80)
(61, 96)
(76, 38)
(63, 38)
(8, 67)
(31, 36)
(26, 42)
(64, 63)
(31, 27)
(45, 99)
(2, 91)
(50, 99)
(51, 71)
(1, 98)
(40, 82)
(35, 48)
(63, 35)
(89, 7)
(41, 20)
(38, 96)
(39, 78)
(80, 54)
(66, 10)
(97, 19)
(36, 80)
(76, 75)
(4, 37)
(27, 68)
(82, 30)
(27, 46)
(20, 60)
(39, 1)
(23, 31)
(87, 22)
(43, 46)
(74, 59)
(79, 33)
(83, 72)
(74, 1)
(20, 84)
(69, 94)
(34, 36)
(72, 73)
(83, 55)
(87, 0)
(25, 51)
(13, 26)
(49, 87)
(38, 58)
(0, 72)
(60, 52)
(78, 39)
(18, 85)
(55, 27)
(51, 91)
(68, 80)
(42, 70)
(1, 23)
(70, 33)
(28, 98)
(34, 81)
(64, 52)
(94, 7)
(63, 96)
(98, 100)
(84, 54)
(6, 56)
(24, 3)
(26, 4)
(73, 34)
(27, 83)
(44, 6)
(53, 16)
(46, 50)
(52, 26)
(37, 70)
(59, 87)
(66, 37)
(30, 0)
(93, 51)
(36, 47)
(84, 24)
(10, 84)
(87, 27)
(43, 35)
(52, 40)
(58, 44)
(63, 8)
(31, 34)
(46, 40)
(76, 50)
(1, 89)
(49, 1)
(78, 53)
(37, 99)
(63, 62)
(87, 52)
(28, 73)
(77, 42)
(59, 49)
(50, 86)
(32, 58)
(52, 37)
(9, 78)
(51, 35)
(23, 44)
(8, 59)
(59, 100)
(52, 80)
(63, 2)
(66, 52)
(68, 84)
(21, 89)
(77, 40)
(2, 64)
(78, 68)
(66, 35)
(53, 68)
(46, 92)
(84, 9)
(12, 7)
(98, 12)
(11, 44)
(62, 86)
(49, 91)
(55, 82)
(10, 40)
(29, 89)
(54, 30)
(25, 36)
(81, 58)
(95, 5)
(81, 99)
(82, 45)
(6, 1)
(10, 41)
(78, 46)
(49, 74)
(42, 17)
(71, 16)
(85, 94)
(56, 61)
(39, 62)
(42, 26)
(23, 21)
(21, 55)
(29, 76)
(53, 63)
(27, 2)
(51, 40)
(16, 8)
(96, 2)
(19, 96)
(75, 69)
(99, 38)
(7, 94)
(51, 26)
(75, 11)
(46, 76)
(38, 65)
(92, 3)
(59, 81)
(85, 66)
(73, 59)
(33, 46)
(84, 31)
(66, 33)
(42, 57)
(15, 43)
(71, 41)
(73, 52)
(65, 60)
(50, 66)
(14, 60)
(83, 22)
(46, 61)
(61, 39)
(97, 35)
(29, 84)
(72, 54)
(29, 5)
(95, 87)
(79, 27)
(21, 82)
(47, 19)
(78, 29)
(87, 31)
(45, 74)
(30, 19)
(22, 59)
(38, 54)
(82, 87)
(25, 16)
(93, 15)
(88, 53)
(97, 53)
(41, 79)
(41, 72)
(40, 1)
(67, 53)
(87, 98)
(63, 67)
(82, 11)
(66, 88)
(73, 49)
(22, 88)
(55, 49)
(51, 96)
(17, 48)
(65, 52)
(98, 34)
(64, 27)
(50, 72)
(89, 62)
(91, 66)
(90, 34)
(68, 18)
(65, 27)
(27, 1)
(36, 7)
(72, 34)
(67, 29)
(13, 22)
(72, 74)
(36, 33)
(54, 52)
(59, 55)
(99, 22)
(23, 46)
(0, 96)
(92, 9)
(71, 79)
(81, 46)
(44, 93)
(52, 10)
(69, 45)
(44, 43)
(80, 8)
(31, 100)
(33, 1)
(82, 54)
(55, 76)
(15, 96)
(64, 99)
(59, 57)
(42, 60)
(9, 97)
(19, 40)
(53, 21)
(42, 20)
(77, 8)
(88, 68)
(76, 98)
(52, 91)
(31, 93)
(24, 1)
(77, 74)
(1, 61)
(91, 58)
(69, 73)
(36, 12)
(54, 14)
(68, 93)
(60, 7)
(64, 68)
(58, 46)
(70, 79)
(44, 64)
(66, 78)
(20, 88)
(37, 18)
(16, 1)
(37, 16)
(46, 1)
(53, 52)
(82, 18)
(82, 20)
(87, 60)
(90, 15)
(33, 57)
(71, 72)
(80, 67)
(79, 5)
(53, 36)
(84, 48)
(19, 41)
(50, 68)
(99, 52)
(24, 19)
(70, 78)
(78, 45)
(71, 94)
(34, 57)
(83, 23)
(84, 91)
(6, 25)
(64, 98)
(15, 6)
(95, 68)
(29, 9)
(12, 92)
(12, 9)
(73, 7)
(68, 34)
(87, 18)
(29, 71)
(36, 41)
(43, 28)
(35, 66)
(21, 63)
(76, 2)
(94, 85)
(84, 49)
(61, 56)
(27, 51)
(6, 14)
(22, 93)
(34, 77)
(88, 86)
(2, 5)
(46, 4)
(22, 84)
(35, 83)
(69, 91)
(22, 57)
(61, 62)
(92, 76)
(82, 62)
(49, 53)
(30, 37)
(99, 0)
(45, 63)
(1, 91)
(49, 19)
(12, 0)
(52, 100)
(57, 15)
(21, 25)
(36, 23)
(85, 72)
(25, 21)
(49, 34)
(42, 15)
(74, 44)
(83, 4)
(99, 77)
(27, 29)
(90, 65)
(24, 7)
(34, 52)
(66, 11)
(56, 67)
(83, 84)
(16, 11)
(32, 59)
(55, 56)
(36, 73)
(44, 46)
(49, 43)
(39, 47)
(15, 16)
(92, 25)
(70, 59)
(99, 59)
(6, 90)
(88, 73)
(65, 3)
(100, 99)
(28, 21)
(43, 48)
(18, 79)
(44, 98)
(60, 12)
(16, 63)
(32, 96)
(73, 35)
(12, 21)
(79, 92)
(33, 11)
(0, 79)
(37, 68)
